# degree
3, 3
# shape
14, 14
# rational
0
# knots
 0.          0.          0.          0.          0.09090909  0.18181818
  0.27272727  0.36363636  0.45454545  0.54545455  0.63636364  0.72727273
  0.81818182  0.90909091  1.          1.          1.          1.        
# knots
 0.          0.          0.          0.          0.09090909  0.18181818
  0.27272727  0.36363636  0.45454545  0.54545455  0.63636364  0.72727273
  0.81818182  0.90909091  1.          1.          1.          1.        
# points
 1.  1.  0.
 1.          1.03030303  0.        
 1.          1.09090909  0.        
 1.          1.18181818  0.        
 1.          1.27272727  0.        
 1.          1.36363636  0.        
 1.          1.45454545  0.        
 1.          1.54545455  0.        
 1.          1.63636364  0.        
 1.          1.72727273  0.        
 1.          1.81818182  0.        
 1.          1.90909091  0.        
 1.          1.96969697  0.        
 1.  2.  0.
 1.03030303  1.          0.        
 1.03030303  1.03030303  0.        
 1.03030303  1.09090909  0.        
 1.03030303  1.18181818  0.        
 1.03030303  1.27272727  0.        
 1.03030303  1.36363636  0.        
 1.03030303  1.45454545  0.        
 1.03030303  1.54545455  0.        
 1.03030303  1.63636364  0.        
 1.03030303  1.72727273  0.        
 1.03030303  1.81818182  0.        
 1.03030303  1.90909091  0.        
 1.03030303  1.96969697  0.        
 1.03030303  2.          0.        
 1.09090909  1.          0.        
 1.09090909  1.03030303  0.        
 1.09090909  1.09090909  0.        
 1.09090909  1.18181818  0.        
 1.09090909  1.27272727  0.        
 1.09090909  1.36363636  0.        
 1.09090909  1.45454545  0.        
 1.09090909  1.54545455  0.        
 1.09090909  1.63636364  0.        
 1.09090909  1.72727273  0.        
 1.09090909  1.81818182  0.        
 1.09090909  1.90909091  0.        
 1.09090909  1.96969697  0.        
 1.09090909  2.          0.        
 1.18181818  1.          0.        
 1.18181818  1.03030303  0.        
 1.18181818  1.09090909  0.        
 1.18181818  1.18181818  0.        
 1.18181818  1.27272727  0.        
 1.18181818  1.36363636  0.        
 1.18181818  1.45454545  0.        
 1.18181818  1.54545455  0.        
 1.18181818  1.63636364  0.        
 1.18181818  1.72727273  0.        
 1.18181818  1.81818182  0.        
 1.18181818  1.90909091  0.        
 1.18181818  1.96969697  0.        
 1.18181818  2.          0.        
 1.27272727  1.          0.        
 1.27272727  1.03030303  0.        
 1.27272727  1.09090909  0.        
 1.27272727  1.18181818  0.        
 1.27272727  1.27272727  0.        
 1.27272727  1.36363636  0.        
 1.27272727  1.45454545  0.        
 1.27272727  1.54545455  0.        
 1.27272727  1.63636364  0.        
 1.27272727  1.72727273  0.        
 1.27272727  1.81818182  0.        
 1.27272727  1.90909091  0.        
 1.27272727  1.96969697  0.        
 1.27272727  2.          0.        
 1.36363636  1.          0.        
 1.36363636  1.03030303  0.        
 1.36363636  1.09090909  0.        
 1.36363636  1.18181818  0.        
 1.36363636  1.27272727  0.        
 1.36363636  1.36363636  0.        
 1.36363636  1.45454545  0.        
 1.36363636  1.54545455  0.        
 1.36363636  1.63636364  0.        
 1.36363636  1.72727273  0.        
 1.36363636  1.81818182  0.        
 1.36363636  1.90909091  0.        
 1.36363636  1.96969697  0.        
 1.36363636  2.          0.        
 1.45454545  1.          0.        
 1.45454545  1.03030303  0.        
 1.45454545  1.09090909  0.        
 1.45454545  1.18181818  0.        
 1.45454545  1.27272727  0.        
 1.45454545  1.36363636  0.        
 1.45454545  1.45454545  0.        
 1.45454545  1.54545455  0.        
 1.45454545  1.63636364  0.        
 1.45454545  1.72727273  0.        
 1.45454545  1.81818182  0.        
 1.45454545  1.90909091  0.        
 1.45454545  1.96969697  0.        
 1.45454545  2.          0.        
 1.54545455  1.          0.        
 1.54545455  1.03030303  0.        
 1.54545455  1.09090909  0.        
 1.54545455  1.18181818  0.        
 1.54545455  1.27272727  0.        
 1.54545455  1.36363636  0.        
 1.54545455  1.45454545  0.        
 1.54545455  1.54545455  0.        
 1.54545455  1.63636364  0.        
 1.54545455  1.72727273  0.        
 1.54545455  1.81818182  0.        
 1.54545455  1.90909091  0.        
 1.54545455  1.96969697  0.        
 1.54545455  2.          0.        
 1.63636364  1.          0.        
 1.63636364  1.03030303  0.        
 1.63636364  1.09090909  0.        
 1.63636364  1.18181818  0.        
 1.63636364  1.27272727  0.        
 1.63636364  1.36363636  0.        
 1.63636364  1.45454545  0.        
 1.63636364  1.54545455  0.        
 1.63636364  1.63636364  0.        
 1.63636364  1.72727273  0.        
 1.63636364  1.81818182  0.        
 1.63636364  1.90909091  0.        
 1.63636364  1.96969697  0.        
 1.63636364  2.          0.        
 1.72727273  1.          0.        
 1.72727273  1.03030303  0.        
 1.72727273  1.09090909  0.        
 1.72727273  1.18181818  0.        
 1.72727273  1.27272727  0.        
 1.72727273  1.36363636  0.        
 1.72727273  1.45454545  0.        
 1.72727273  1.54545455  0.        
 1.72727273  1.63636364  0.        
 1.72727273  1.72727273  0.        
 1.72727273  1.81818182  0.        
 1.72727273  1.90909091  0.        
 1.72727273  1.96969697  0.        
 1.72727273  2.          0.        
 1.81818182  1.          0.        
 1.81818182  1.03030303  0.        
 1.81818182  1.09090909  0.        
 1.81818182  1.18181818  0.        
 1.81818182  1.27272727  0.        
 1.81818182  1.36363636  0.        
 1.81818182  1.45454545  0.        
 1.81818182  1.54545455  0.        
 1.81818182  1.63636364  0.        
 1.81818182  1.72727273  0.        
 1.81818182  1.81818182  0.        
 1.81818182  1.90909091  0.        
 1.81818182  1.96969697  0.        
 1.81818182  2.          0.        
 1.90909091  1.          0.        
 1.90909091  1.03030303  0.        
 1.90909091  1.09090909  0.        
 1.90909091  1.18181818  0.        
 1.90909091  1.27272727  0.        
 1.90909091  1.36363636  0.        
 1.90909091  1.45454545  0.        
 1.90909091  1.54545455  0.        
 1.90909091  1.63636364  0.        
 1.90909091  1.72727273  0.        
 1.90909091  1.81818182  0.        
 1.90909091  1.90909091  0.        
 1.90909091  1.96969697  0.        
 1.90909091  2.          0.        
 1.96969697  1.          0.        
 1.96969697  1.03030303  0.        
 1.96969697  1.09090909  0.        
 1.96969697  1.18181818  0.        
 1.96969697  1.27272727  0.        
 1.96969697  1.36363636  0.        
 1.96969697  1.45454545  0.        
 1.96969697  1.54545455  0.        
 1.96969697  1.63636364  0.        
 1.96969697  1.72727273  0.        
 1.96969697  1.81818182  0.        
 1.96969697  1.90909091  0.        
 1.96969697  1.96969697  0.        
 1.96969697  2.          0.        
 2.  1.  0.
 2.          1.03030303  0.        
 2.          1.09090909  0.        
 2.          1.18181818  0.        
 2.          1.27272727  0.        
 2.          1.36363636  0.        
 2.          1.45454545  0.        
 2.          1.54545455  0.        
 2.          1.63636364  0.        
 2.          1.72727273  0.        
 2.          1.81818182  0.        
 2.          1.90909091  0.        
 2.          1.96969697  0.        
 2.  2.  0.
# weights
1.0
1.0
1.0
1.0
1.0
1.0
1.0
1.0
1.0
1.0
1.0
1.0
1.0
1.0
1.0
1.0
1.0
1.0
1.0
1.0
1.0
1.0
1.0
1.0
1.0
1.0
1.0
1.0
1.0
1.0
1.0
1.0
1.0
1.0
1.0
1.0
1.0
1.0
1.0
1.0
1.0
1.0
1.0
1.0
1.0
1.0
1.0
1.0
1.0
1.0
1.0
1.0
1.0
1.0
1.0
1.0
1.0
1.0
1.0
1.0
1.0
1.0
1.0
1.0
1.0
1.0
1.0
1.0
1.0
1.0
1.0
1.0
1.0
1.0
1.0
1.0
1.0
1.0
1.0
1.0
1.0
1.0
1.0
1.0
1.0
1.0
1.0
1.0
1.0
1.0
1.0
1.0
1.0
1.0
1.0
1.0
1.0
1.0
1.0
1.0
1.0
1.0
1.0
1.0
1.0
1.0
1.0
1.0
1.0
1.0
1.0
1.0
1.0
1.0
1.0
1.0
1.0
1.0
1.0
1.0
1.0
1.0
1.0
1.0
1.0
1.0
1.0
1.0
1.0
1.0
1.0
1.0
1.0
1.0
1.0
1.0
1.0
1.0
1.0
1.0
1.0
1.0
1.0
1.0
1.0
1.0
1.0
1.0
1.0
1.0
1.0
1.0
1.0
1.0
1.0
1.0
1.0
1.0
1.0
1.0
1.0
1.0
1.0
1.0
1.0
1.0
1.0
1.0
1.0
1.0
1.0
1.0
1.0
1.0
1.0
1.0
1.0
1.0
1.0
1.0
1.0
1.0
1.0
1.0
1.0
1.0
1.0
1.0
1.0
1.0
1.0
1.0
1.0
1.0
1.0
1.0
