          20        1261  0.10000000000000001        2.0000000000000000       0.20067621941056540       0.37084746885512665       -2.1222799456562316E-002  0.37861699999999998      
  9.9837038484801258E-002
          40        4921   5.0000000000000003E-002   2.0000000000000000        3.5313818703131099E-002   7.7381640174162603E-002  -6.7036755965421615E-004   2.8531870000000001      
 0.10518763754356093     
          60       10981   3.3333333333333333E-002   2.0000000000000000        7.0523221120071620E-003   1.7432179383937818E-002  -4.9789596503672202E-008   9.4833140000000000      
 0.10536190196802511     
          80       19441   2.5000000000000001E-002   2.0000000000000000        1.8771411926533012E-003   4.6636665240690212E-003  -8.7979128441409407E-008   22.507028000000005      
 0.10451135529755413     
         100       30301   2.0000000000000000E-002   2.0000000000000000        6.4040392657914067E-004   1.5191647066404856E-003  -3.2320592686804576E-007   44.216981000000004      
 0.10278856442053337     
         120       43561   1.6666666666666666E-002   2.0000000000000000        2.6719192069802754E-004   5.7804824542473376E-004  -4.1024871908142228E-007   77.340719000000007      
 0.10194319501994802     
         140       59221   1.4285714285714285E-002   2.0000000000000000        1.2751309903149405E-004   2.6260214229534284E-004  -4.2525929092567906E-007   122.28109200000000      
 0.10218603543383470     
         160       77281   1.2500000000000001E-002   2.0000000000000000        6.7716932189770281E-005   1.3494913101141925E-004  -4.2399667592449162E-007   182.23359299999998      
 0.10177706368331334 