# degree
3, 3
# shape
14, 14
# rational
0
# knots
 0.          0.          0.          0.          0.09090909  0.18181818
  0.27272727  0.36363636  0.45454545  0.54545455  0.63636364  0.72727273
  0.81818182  0.90909091  1.          1.          1.          1.        
# knots
 0.          0.          0.          0.          0.09090909  0.18181818
  0.27272727  0.36363636  0.45454545  0.54545455  0.63636364  0.72727273
  0.81818182  0.90909091  1.          1.          1.          1.        
# points
 1.  0.  0.
 1.          0.03030303  0.        
 1.          0.09090909  0.        
 1.          0.18181818  0.        
 1.          0.27272727  0.        
 1.          0.36363636  0.        
 1.          0.45454545  0.        
 1.          0.54545455  0.        
 1.          0.63636364  0.        
 1.          0.72727273  0.        
 1.          0.81818182  0.        
 1.          0.90909091  0.        
 1.          0.96969697  0.        
 1.  1.  0.
 1.03030303  0.          0.        
 1.03030303  0.03030303  0.        
 1.03030303  0.09090909  0.        
 1.03030303  0.18181818  0.        
 1.03030303  0.27272727  0.        
 1.03030303  0.36363636  0.        
 1.03030303  0.45454545  0.        
 1.03030303  0.54545455  0.        
 1.03030303  0.63636364  0.        
 1.03030303  0.72727273  0.        
 1.03030303  0.81818182  0.        
 1.03030303  0.90909091  0.        
 1.03030303  0.96969697  0.        
 1.03030303  1.          0.        
 1.09090909  0.          0.        
 1.09090909  0.03030303  0.        
 1.09090909  0.09090909  0.        
 1.09090909  0.18181818  0.        
 1.09090909  0.27272727  0.        
 1.09090909  0.36363636  0.        
 1.09090909  0.45454545  0.        
 1.09090909  0.54545455  0.        
 1.09090909  0.63636364  0.        
 1.09090909  0.72727273  0.        
 1.09090909  0.81818182  0.        
 1.09090909  0.90909091  0.        
 1.09090909  0.96969697  0.        
 1.09090909  1.          0.        
 1.18181818  0.          0.        
 1.18181818  0.03030303  0.        
 1.18181818  0.09090909  0.        
 1.18181818  0.18181818  0.        
 1.18181818  0.27272727  0.        
 1.18181818  0.36363636  0.        
 1.18181818  0.45454545  0.        
 1.18181818  0.54545455  0.        
 1.18181818  0.63636364  0.        
 1.18181818  0.72727273  0.        
 1.18181818  0.81818182  0.        
 1.18181818  0.90909091  0.        
 1.18181818  0.96969697  0.        
 1.18181818  1.          0.        
 1.27272727  0.          0.        
 1.27272727  0.03030303  0.        
 1.27272727  0.09090909  0.        
 1.27272727  0.18181818  0.        
 1.27272727  0.27272727  0.        
 1.27272727  0.36363636  0.        
 1.27272727  0.45454545  0.        
 1.27272727  0.54545455  0.        
 1.27272727  0.63636364  0.        
 1.27272727  0.72727273  0.        
 1.27272727  0.81818182  0.        
 1.27272727  0.90909091  0.        
 1.27272727  0.96969697  0.        
 1.27272727  1.          0.        
 1.36363636  0.          0.        
 1.36363636  0.03030303  0.        
 1.36363636  0.09090909  0.        
 1.36363636  0.18181818  0.        
 1.36363636  0.27272727  0.        
 1.36363636  0.36363636  0.        
 1.36363636  0.45454545  0.        
 1.36363636  0.54545455  0.        
 1.36363636  0.63636364  0.        
 1.36363636  0.72727273  0.        
 1.36363636  0.81818182  0.        
 1.36363636  0.90909091  0.        
 1.36363636  0.96969697  0.        
 1.36363636  1.          0.        
 1.45454545  0.          0.        
 1.45454545  0.03030303  0.        
 1.45454545  0.09090909  0.        
 1.45454545  0.18181818  0.        
 1.45454545  0.27272727  0.        
 1.45454545  0.36363636  0.        
 1.45454545  0.45454545  0.        
 1.45454545  0.54545455  0.        
 1.45454545  0.63636364  0.        
 1.45454545  0.72727273  0.        
 1.45454545  0.81818182  0.        
 1.45454545  0.90909091  0.        
 1.45454545  0.96969697  0.        
 1.45454545  1.          0.        
 1.54545455  0.          0.        
 1.54545455  0.03030303  0.        
 1.54545455  0.09090909  0.        
 1.54545455  0.18181818  0.        
 1.54545455  0.27272727  0.        
 1.54545455  0.36363636  0.        
 1.54545455  0.45454545  0.        
 1.54545455  0.54545455  0.        
 1.54545455  0.63636364  0.        
 1.54545455  0.72727273  0.        
 1.54545455  0.81818182  0.        
 1.54545455  0.90909091  0.        
 1.54545455  0.96969697  0.        
 1.54545455  1.          0.        
 1.63636364  0.          0.        
 1.63636364  0.03030303  0.        
 1.63636364  0.09090909  0.        
 1.63636364  0.18181818  0.        
 1.63636364  0.27272727  0.        
 1.63636364  0.36363636  0.        
 1.63636364  0.45454545  0.        
 1.63636364  0.54545455  0.        
 1.63636364  0.63636364  0.        
 1.63636364  0.72727273  0.        
 1.63636364  0.81818182  0.        
 1.63636364  0.90909091  0.        
 1.63636364  0.96969697  0.        
 1.63636364  1.          0.        
 1.72727273  0.          0.        
 1.72727273  0.03030303  0.        
 1.72727273  0.09090909  0.        
 1.72727273  0.18181818  0.        
 1.72727273  0.27272727  0.        
 1.72727273  0.36363636  0.        
 1.72727273  0.45454545  0.        
 1.72727273  0.54545455  0.        
 1.72727273  0.63636364  0.        
 1.72727273  0.72727273  0.        
 1.72727273  0.81818182  0.        
 1.72727273  0.90909091  0.        
 1.72727273  0.96969697  0.        
 1.72727273  1.          0.        
 1.81818182  0.          0.        
 1.81818182  0.03030303  0.        
 1.81818182  0.09090909  0.        
 1.81818182  0.18181818  0.        
 1.81818182  0.27272727  0.        
 1.81818182  0.36363636  0.        
 1.81818182  0.45454545  0.        
 1.81818182  0.54545455  0.        
 1.81818182  0.63636364  0.        
 1.81818182  0.72727273  0.        
 1.81818182  0.81818182  0.        
 1.81818182  0.90909091  0.        
 1.81818182  0.96969697  0.        
 1.81818182  1.          0.        
 1.90909091  0.          0.        
 1.90909091  0.03030303  0.        
 1.90909091  0.09090909  0.        
 1.90909091  0.18181818  0.        
 1.90909091  0.27272727  0.        
 1.90909091  0.36363636  0.        
 1.90909091  0.45454545  0.        
 1.90909091  0.54545455  0.        
 1.90909091  0.63636364  0.        
 1.90909091  0.72727273  0.        
 1.90909091  0.81818182  0.        
 1.90909091  0.90909091  0.        
 1.90909091  0.96969697  0.        
 1.90909091  1.          0.        
 1.96969697  0.          0.        
 1.96969697  0.03030303  0.        
 1.96969697  0.09090909  0.        
 1.96969697  0.18181818  0.        
 1.96969697  0.27272727  0.        
 1.96969697  0.36363636  0.        
 1.96969697  0.45454545  0.        
 1.96969697  0.54545455  0.        
 1.96969697  0.63636364  0.        
 1.96969697  0.72727273  0.        
 1.96969697  0.81818182  0.        
 1.96969697  0.90909091  0.        
 1.96969697  0.96969697  0.        
 1.96969697  1.          0.        
 2.  0.  0.
 2.          0.03030303  0.        
 2.          0.09090909  0.        
 2.          0.18181818  0.        
 2.          0.27272727  0.        
 2.          0.36363636  0.        
 2.          0.45454545  0.        
 2.          0.54545455  0.        
 2.          0.63636364  0.        
 2.          0.72727273  0.        
 2.          0.81818182  0.        
 2.          0.90909091  0.        
 2.          0.96969697  0.        
 2.  1.  0.
# weights
1.0
1.0
1.0
1.0
1.0
1.0
1.0
1.0
1.0
1.0
1.0
1.0
1.0
1.0
1.0
1.0
1.0
1.0
1.0
1.0
1.0
1.0
1.0
1.0
1.0
1.0
1.0
1.0
1.0
1.0
1.0
1.0
1.0
1.0
1.0
1.0
1.0
1.0
1.0
1.0
1.0
1.0
1.0
1.0
1.0
1.0
1.0
1.0
1.0
1.0
1.0
1.0
1.0
1.0
1.0
1.0
1.0
1.0
1.0
1.0
1.0
1.0
1.0
1.0
1.0
1.0
1.0
1.0
1.0
1.0
1.0
1.0
1.0
1.0
1.0
1.0
1.0
1.0
1.0
1.0
1.0
1.0
1.0
1.0
1.0
1.0
1.0
1.0
1.0
1.0
1.0
1.0
1.0
1.0
1.0
1.0
1.0
1.0
1.0
1.0
1.0
1.0
1.0
1.0
1.0
1.0
1.0
1.0
1.0
1.0
1.0
1.0
1.0
1.0
1.0
1.0
1.0
1.0
1.0
1.0
1.0
1.0
1.0
1.0
1.0
1.0
1.0
1.0
1.0
1.0
1.0
1.0
1.0
1.0
1.0
1.0
1.0
1.0
1.0
1.0
1.0
1.0
1.0
1.0
1.0
1.0
1.0
1.0
1.0
1.0
1.0
1.0
1.0
1.0
1.0
1.0
1.0
1.0
1.0
1.0
1.0
1.0
1.0
1.0
1.0
1.0
1.0
1.0
1.0
1.0
1.0
1.0
1.0
1.0
1.0
1.0
1.0
1.0
1.0
1.0
1.0
1.0
1.0
1.0
1.0
1.0
1.0
1.0
1.0
1.0
1.0
1.0
1.0
1.0
1.0
1.0
