   0.0000000000000000        1.0000009999999999        50.103892268516745        6.2831853071828263      -2.78425676057446251E-015   41.945122788363292       0.99998340916250961        1.0000040000000001     
  0.50000000000000000        1.0000009999999997        50.103893590298725        6.2831853071828814       7.09893146861600319E-016   41.945122788362802       0.99998340916221573        1.0000040388508971     
   1.0000000000000000        1.0000009999999995        50.103896440558927        6.2831853071830652      -5.39121507083216244E-015   41.945122788361203       0.99998340916147999        1.0000041515940448     
   1.5000000000000000        1.0000009999999993        50.103899954603939        6.2831853071833867       1.75644499847938451E-015   41.945122788358375       0.99998340916065487        1.0000043401923107     
   2.0000000000000000        1.0000009999999993        50.103903740778641        6.2831853071838655      -4.07072630875000065E-015   41.945122788354141       0.99998340916007666        1.0000046079503742     
   2.5000000000000000        1.0000009999999993        50.103907969234974        6.2831853071845343      -6.58228278910602696E-015   41.945122788348250       0.99998340915975958        1.0000049595576121     
   3.0000000000000000        1.0000009999999993        50.103912536415486        6.2831853071854349      -1.03522354807859182E-016   41.945122788340377       0.99998340915932127        1.0000054011725319     
   3.5000000000000000        1.0000009999999993        50.103917510895585        6.2831853071866250       1.73358921902301409E-015   41.945122788330032       0.99998340915879680        1.0000059405330504     
   4.0000000000000000        1.0000009999999993        50.103922973424197        6.2831853071881811      -9.86247198989114699E-016   41.945122788316539       0.99998340915829342        1.0000065870947910     
   4.5000000000000000        1.0000009999999993        50.103929015040002        6.2831853071902053      -8.39338682279167173E-015   41.945122788299102       0.99998340915760586        1.0000073521999153     
   5.0000000000000000        1.0000009999999993        50.103935738819786        6.2831853071928370      -5.50694970843816755E-015   41.945122788276542       0.99998340915667960        1.0000082492794851     
   5.5000000000000000        1.0000009999999988        50.103943261758069        6.2831853071962485      -2.10728007293175953E-015   41.945122788247446       0.99998340915543960        1.0000092940929632     
   6.0000000000000000        1.0000009999999986        50.103951716761429        6.2831853072006716      -2.49687978279671948E-015   41.945122788209822       0.99998340915379436        1.0000105050091854     
   6.5000000000000000        1.0000009999999986        50.103961255038918        6.2831853072064128      -3.19173960972512353E-015   41.945122788161115       0.99998340915162276        1.0000119033335713     
   7.0000000000000000        1.0000009999999984        50.103972048808039        6.2831853072138681      -1.38708445400383319E-015   41.945122788098089       0.99998340914877237        1.0000135136868291     
   7.5000000000000000        1.0000009999999984        50.103984293173596        6.2831853072235564      -5.91312850189291432E-016   41.945122788016299       0.99998340914503914        1.0000153644418930     
   8.0000000000000000        1.0000009999999986        50.103998210067019        6.2831853072361588       7.37518045968768679E-016   41.945122787910066       0.99998340914015837        1.0000174882275747     
   8.5000000000000000        1.0000009999999986        50.104014052510799        6.2831853072525643      -2.82486708310548015E-015   41.945122787771950       0.99998340913378914        1.0000199225077442     
   9.0000000000000000        1.0000009999999986        50.104032107564812        6.2831853072739339      -1.01350161056600970E-014   41.945122787592155       0.99998340912547734        1.0000227102458392     
   9.5000000000000000        1.0000009999999986        50.104052701569671        6.2831853073017854       6.38255824520201687E-016   41.945122787357938       0.99998340911463679        1.0000259006664503     
   10.000000000000000        1.0000009999999986        50.104076205756890        6.2831853073380985      -4.33302423733288926E-015   41.945122787052611       0.99998340910049555        1.0000295501274283     
   10.500000000000000        1.0000009999999984        50.104103042294689        6.2831853073854642      -7.64250528453229588E-015   41.945122786654387       0.99998340908205174        1.0000337231180623     
   11.000000000000000        1.0000009999999984        50.104133691647668        6.2831853074472548      -4.42587730445040666E-015   41.945122786134846       0.99998340905799621        1.0000384934009754     
   11.500000000000000        1.0000009999999981        50.104168700773577        6.2831853075278818      -6.30880601785033745E-015   41.945122785456874       0.99998340902662131        1.0000439453179113     
   12.000000000000000        1.0000009999999984        50.104208692670078        6.2831853076330901       4.89566698889492803E-015   41.945122784572042       0.99998340898570182        1.0000501752825652     
   12.500000000000000        1.0000009999999981        50.104254377339025        6.2831853077703839       5.43764222399258374E-015   41.945122783417190       0.99998340893233417        1.0000572934867633     
   13.000000000000000        1.0000009999999979        50.104306564077937        6.2831853079495437      -4.13547843258902826E-015   41.945122781909916       0.99998340886273507        1.0000654258500052     
   13.500000000000000        1.0000009999999979        50.104366175782751        6.2831853081833380       4.31421356340698188E-015   41.945122779942800       0.99998340877197056        1.0000747162470447     
   14.000000000000000        1.0000009999999979        50.104434265715959        6.2831853084884060      -1.16661458921735512E-015   41.945122777375659       0.99998340865360313        1.0000853290531633     
   14.500000000000000        1.0000009999999977        50.104512035699891        6.2831853088864644      -7.83156976736242425E-015   41.945122774025720       0.99998340849923661        1.0000974520517782     
   15.000000000000000        1.0000009999999975        50.104600857215935        6.2831853094058330       8.60658025228394882E-016   41.945122769654610       0.99998340829791665        1.0001112997556276     
   15.500000000000000        1.0000009999999975        50.104702296220026        6.2831853100834527      -5.91885174106470743E-015   41.945122763951431       0.99998340803535013        1.0001271172005826     
   16.000000000000000        1.0000009999999975        50.104818140567552        6.2831853109675055      -3.13090917591255980E-015   41.945122756510656       0.99998340769289484        1.0001451842790787     
   16.500000000000000        1.0000009999999975        50.104950431438880        6.2831853121208505      -8.71711887018353100E-015   41.945122746803371       0.99998340724622192        1.0001658206893451     
   17.000000000000000        1.0000009999999975        50.105101499388709        6.2831853136254745      -7.77060257087222459E-015   41.945122734139602       0.99998340666358954        1.0001893915876856     
   17.500000000000000        1.0000009999999975        50.105274005124343        6.2831853155883390      -2.85187535582549970E-015   41.945122717619348       0.99998340590358448        1.0002163140438585     
   18.000000000000000        1.0000009999999973        50.105470986063118        6.2831853181489796      -8.11888353588866528E-015   41.945122696068516       0.99998340491217541        1.0002470644134782     
   18.500000000000000        1.0000009999999973        50.105695909244403        6.2831853214894258      -1.77260512141768295E-015   41.945122667955360       0.99998340361886162        1.0002821867569496     
   19.000000000000000        1.0000009999999973        50.105952731495968        6.2831853258471542      -4.74759475096422097E-015   41.945122631281755       0.99998340193166713        1.0003223024529331     
   19.500000000000000        1.0000009999999975        50.106245967973365        6.2831853315319837       4.63221753342223225E-015   41.945122583440728       0.99998339973059047        1.0003681211755040     
   20.000000000000000        1.0000009999999973        50.106580769861345        6.2831853389481038      -6.90137980109048441E-015   41.945122521031294       0.99998339685907267        1.0004204534279240     
   20.500000000000000        1.0000009999999970        50.106963012622195        6.2831853486228271      -1.80635632746322873E-015   41.945122439616334       0.99998339311286299        1.0004802248528968     
   21.000000000000000        1.0000009999999968        50.107399396533467        6.2831853612441062      -2.71213702099733640E-015   41.945122333407070       0.99998338822549226        1.0005484925701054     
   21.500000000000000        1.0000009999999970        50.107897560420561        6.2831853777094571      -1.05441673832970733E-014   41.945122194851265       0.99998338184932511        1.0006264638268847     
   22.000000000000000        1.0000009999999968        50.108466210322128        6.2831853991897990      -1.12558913089885783E-014   41.945122014096128       0.99998337353084477        1.0007155172880371     
   22.500000000000000        1.0000009999999966        50.109115265487922        6.2831854272127341      -3.67192276408010872E-015   41.945121778287515       0.99998336267840360        1.0008172273362212     
   23.000000000000000        1.0000009999999964        50.109856023340285        6.2831854637711890      -9.97481774880810952E-015   41.945121470655884       0.99998334852015935        1.0009333918052248     
   23.500000000000000        1.0000009999999961        50.110701345522131        6.2831855114651614       4.70978037631505649E-016   41.945121069323640       0.99998333004919404        1.0010660636270479     
   24.000000000000000        1.0000009999999959        50.111665867481406        6.2831855736866187      -1.31897848035942600E-015   41.945120545749695       0.99998330595192475        1.0012175869410469     
   24.500000000000000        1.0000009999999955        50.112766233985262        6.2831856548607323      -1.42120756123172162E-014   41.945119862699784       0.99998327451470403        1.0013906382884501     
   25.000000000000000        1.0000009999999953        50.114021363152503        6.2831857607605812      -5.25333371299444168E-015   41.945118971599278       0.99998323350196816        1.0015882735999051     
   25.500000000000000        1.0000009999999950        50.115452741443988        6.2831858989177176      -3.63506518171478817E-015   41.945117809079356       0.99998317999727981        1.0018139817797547     
   26.000000000000000        1.0000009999999941        50.117084752024915        6.2831860791578027      -4.54059112298197201E-015   41.945116292471702       0.99998311019594455        1.0020717457992097     
   26.500000000000000        1.0000009999999930        50.118945038631217        6.2831863142993774      -5.04626671368266111E-015   41.945114313931164       0.99998301913446808        1.0023661123324339     
   27.000000000000000        1.0000009999999917        50.121064906436565        6.2831866210655249      -3.02976693376463602E-015   41.945111732768503       0.99998290033759896        1.0027022711060605     
   27.500000000000000        1.0000009999999901        50.123479760859148        6.2831870212732177      -6.70396586052498211E-015   41.945108365448704       0.99998274535785237        1.0030861452855753     
   28.000000000000000        1.0000009999999884        50.126229583904525        6.2831875433849778      -2.75753489311773446E-015   41.945103972543478       0.99998254317479651        1.0035244943930084     
   28.500000000000000        1.0000009999999862        50.129359445587859        6.2831882245332427      -1.81115127889354884E-015   41.945098241711172       0.99998227941133033        1.0040250314394763     
   29.000000000000000        1.0000009999999833        50.132920045729179        6.2831891131613897      -3.55824872554178022E-015   41.945090765494676       0.99998193531124935        1.0045965561638954     
   29.500000000000000        1.0000009999999793        50.136968277414759        6.2831902724693363      -2.73925683370144427E-016   41.945081012359886       0.99998148640534068        1.0052491064982128     
   30.000000000000000        1.0000009999999744        50.141567798025946        6.2831917849088104      -5.52199992003021989E-015   41.945068288917923       0.99998090077113067        1.0059941306293168     
   30.500000000000000        1.0000009999999677        50.146789587217853        6.2831937580480526      -9.02118362779785902E-015   41.945051690648150       0.99998013676241349        1.0068446822958821     
   31.000000000000000        1.0000009999999595        50.152712461298080        6.2831963322231559      -6.42038426566129779E-015   41.945030037624207       0.99997914004699140        1.0078156422423370     
   31.500000000000000        1.0000009999999484        50.159423500090455        6.2831996905202914      -1.36962066129575728E-014   41.945001790681147       0.99997783974169330        1.0089239690475500     
   32.000000000000000        1.0000009999999340        50.167018324905222        6.2832040717988225      -8.24641795827954877E-015   41.944964942077696       0.99997614336932050        1.0101889828453550     
   32.500000000000000        1.0000009999999151        50.175601142526105        6.2832097876815567      -7.49926068076686606E-015   41.944916872900571       0.99997393027805892        1.0116326857462816     
   33.000000000000000        1.0000009999998909        50.185284438831722        6.2832172447202499      -1.15475339656293345E-014   41.944854167108254       0.99997104305379614        1.0132801230364372     
   33.500000000000000        1.0000009999998598        50.196188163387276        6.2832269733122654      -4.01391912457688155E-015   41.944772369047811       0.99996727631195015        1.0151597894446258     
   34.000000000000000        1.0000009999998194        50.208438190193171        6.2832396654234630      -8.41523330919959044E-015   41.944665667294096       0.99996236206696743        1.0173040848962798     
   34.500000000000000        1.0000009999997670        50.222163766916410        6.2832562237971699      -6.72012076000315218E-015   41.944526482476604       0.99995595063072096        1.0197498241592229     
   35.000000000000000        1.0000009999996995        50.237493567336209        6.2832778261427533      -1.37412424160919077E-014   41.944344930020563       0.99994758566689801        1.0225388045583845     
   35.500000000000000        1.0000009999996124        50.254549831977478        6.2833060088569450      -6.34872879440083287E-015   41.944108119979610       0.99993667160218014        1.0257184353931807     
   36.000000000000000        1.0000009999995003        50.273439913388266        6.2833427762095573      -8.99304110840292712E-015   41.943799244789041       0.99992243103315515        1.0293424316889910     
   36.500000000000000        1.0000009999993560        50.294244320397326        6.2833907427170352      -6.26876857515618791E-015   41.943396391074486       0.99990384902483631        1.0334715732544013     
   37.000000000000000        1.0000009999991708        50.317000062024846        6.2834533187533008      -6.96956602551352251E-015   41.942870992663224       0.99987960021024247        1.0381745274271992     
   37.500000000000000        1.0000009999989343        50.341677707658697        6.2835349524613031      -1.42409626091939164E-014   41.942185817477231       0.99984795328445009        1.0435287300004898     
   38.000000000000000        1.0000009999986328        50.368150077084422        6.2836414449252729      -1.11834733908020511E-014   41.941292349570318       0.99980664571973166        1.0496213131111516     
   38.500000000000000        1.0000009999982495        50.396149814592249        6.2837803605853404      -1.70128801331048197E-014   41.940127387428063       0.99975271913840424        1.0565500606426084     
   39.000000000000000        1.0000009999977642        50.425212238867509        6.2839615613206261      -1.33993874926957963E-014   41.938608628688179       0.99968230251751489        1.0644243599854200     
   39.500000000000000        1.0000009999971524        50.454598733639827        6.2841979008500797      -1.30988484498639496E-014   41.936628947324735       0.99959032589691765        1.0733661025136256     
   40.000000000000000        1.0000009999963853        50.483194475607284        6.2845061265149322      -1.94738661542008872E-014   41.934048989745378       0.99947014097165199        1.0835104621213525     
   40.500000000000000        1.0000018471086345        50.509372383927371        6.2849080485521114      -1.08319101645016313E-014   41.930687619197755       0.99931301603655520        1.0950064492866700     
   41.000000000000000        1.0001020331186679        50.530812690061616        6.2854320530450920      -1.78206506179064291E-014   41.926309622586132       0.99910745993090944        1.1080170943100873     
   41.500000000000000        1.0000960660456579        50.544264310321999        6.2861150541307707      -1.97992001619013160E-014   41.920609962932943       0.99883831090615582        1.1227190536367757     
   42.000000000000000        1.0001121318798045        50.546345080212241        6.2870050036230873      -1.74575064755583784E-014   41.913193722790894        1.0011690394302970        1.1393013525046234     
   42.500000000000000        1.0000009999888988        50.592360697650207        6.2881641011905991      -2.33503317251156239E-014   41.903550760792889        1.0047311119009352        1.1579628695208091     
   43.000000000000000        1.0000916704084324        50.664597278630254        6.2896728729655518      -2.41787244483355557E-014   41.891024033569956        1.0083931945259115        1.1789080273771828     
   43.500000000000000        1.0002060707912810        50.745286542114414        6.2916353041253963      -2.58598231322978272E-014   41.874770576026187        1.0118007503098627        1.2023399723136889     
   44.000000000000000        1.0003103340537598        50.817728710730911        6.2941852157996214      -2.61440744225071937E-014   41.853714503353601        1.0158567416249289        1.2284502993421229     
   44.500000000000000        1.0003223845799059        50.858845144129965        6.2974940406511788      -2.86268476442443744E-014   41.826492377539395        1.0200007949127281        1.2574041124133815     
   45.000000000000000        1.0002508840194630        50.937673820749673        6.3017799909579111      -2.76183523788740209E-014   41.791393432369489        1.0235319485488412        1.2893189156400784     
   45.500000000000000        1.0004988805563904        51.066433822994057        6.3073181029717391      -2.60376228635939406E-014   41.746301675408205        1.0295625392553842        1.3242355578743483     
   46.000000000000000        1.0005464157319408        51.163397654355975        6.3144494457935911      -2.72586063812207375E-014   41.688655496262569        1.0426617073744009        1.3620793076941466     
   46.500000000000000        1.0004613479873445        51.270416945991585        6.3235871014754856      -1.73811314986000707E-014   41.615455397654806        1.0561645589578172        1.4026092864296327     
   47.000000000000000        1.0005492664516220        51.429457196531636        6.3352213262354509      -1.48853548194753573E-014   41.523368083635596        1.0703300160494849        1.4453552266863250     
   47.500000000000000        1.0004466559609502        51.575743964891089        6.3499095298598807      -1.70873851944671697E-014   41.409018235275283        1.0885623843736296        1.4895423715732106     
   48.000000000000000        1.0008088570150444        51.763293815229424        6.3679329610567290      -1.92972648160156188E-014   41.269853776005036        1.1128906740312821        1.5340092357675288     
   48.500000000000000        1.0001813214674973        51.947454439018379        6.3874543403683823      -1.40637620744532224E-014   41.106816586956278        1.1381500554061099        1.5771335672821687     
   49.000000000000000        1.0006389033953289        52.004796134362024        6.4024327332688520      -2.59397684114437292E-014   40.929659907436005        1.1694056527849841        1.6167805694697708     
   49.500000000000000        1.0010205463976762        52.123974199483328        6.4087364976305716      -2.68384058115051472E-014   40.757893067950270        1.2095615782995315        1.6503115973886511     
   50.000000000000000        1.0009290427757565        52.129457443512514        6.4097421527790424      -2.10972642669817219E-014   40.610384464558109        1.2484288951740763        1.6746965603207076     
   50.500000000000000        1.0014914124162630        52.096055288243484        6.4081363345649311      -2.73301651450370258E-014   40.498732284255951        1.2889624962305639        1.6867861591255142     
   51.000000000000000        1.0013006881628685        52.088953648699359        6.4050418695749345      -2.58263834793414999E-014   40.428819366527705        1.3345565360383134        1.6837815244787437     
   51.500000000000000        1.0025284120176199        52.093248464970074        6.4013225216805534      -2.82240518794882798E-014   40.400694236607471        1.3861553463837812        1.6640656059332548     
   52.000000000000000        1.0031153952122942        52.063529677263560        6.3982241365075314      -4.16352968378983177E-014   40.410548920408708        1.4425832395419571        1.6499719255207292     
   52.500000000000000        1.0028526807413671        52.077240485329185        6.3959996537445800      -5.64011772784811975E-014   40.454432516208875        1.5010018698003731        1.6405410296774798     
   53.000000000000000        1.0029618923830836        52.069278509319204        6.3957435967008598      -6.16365969233232662E-014   40.527206210202593        1.5734570970170731        1.6468207589532955     
   53.500000000000000        1.0079300179013324        52.178698977514756        6.4022628096755518      -6.21271745791883159E-014   40.603432603266121        1.6393486281417546        1.6572505873983605     
   54.000000000000000        1.0174194859962267        52.535578974849074        6.4296332371775815      -6.06852217884481861E-014   40.597815419367898        1.7262810845755876        1.6672813392533079     
   54.500000000000000        1.0285483373378159        52.785411780035545        6.4479561252198563      -5.70654976330560800E-014   40.452616939660764        1.7981009952606137        1.6746097492296035     
   55.000000000000000        1.0237160227171416        52.677778593742737        6.4430448591592295      -5.57703637671998351E-014   40.278862639786546        1.8320096434291020        1.6755402757664908     
   55.500000000000000        1.0483180869274686        52.532758813867780        6.4420747009142483      -5.65769573123072201E-014   40.094615082060940        1.8932817129223987        1.6691853082309831     
   56.000000000000000        1.0915873606276323        52.856372037693760        6.4483147022468712      -5.51753352980012807E-014   39.885428631061522        1.9186014104067453        1.6555274802223399     
   56.500000000000000        1.1092168230622341        53.277324245947767        6.4642618980426692      -5.41856853451374957E-014   39.663722899311821        1.9334072434098495        1.6371438447309514     
   57.000000000000000        1.0876286900992058        53.745468729609655        6.4777258318741371      -5.84655402489296504E-014   39.482558660974370        1.9488320242476711        1.6208255282855217     
   57.500000000000000        1.0521394157746311        53.874182897192078        6.4909528839055071      -5.90767008644213602E-014   39.436763289032434        1.9920321377223751        1.6128968034274951     
   58.000000000000000        1.0659306689932841        53.709132489608315        6.4909242590725809      -5.47948141214071294E-014   39.572839458873439        2.0071097468496317        1.6207559658946775     
   58.500000000000000        1.1523510852046535        52.514931415587036        6.4519491101613351      -4.71596039133188087E-014   39.798350237040630        2.0092635386911448        1.6409671065611571     
   59.000000000000000        1.2279406848394996        51.802204545412209        6.3807664703374165      -3.54324658137998385E-014   40.025192624381454        2.0036190296516585        1.6724796512690159     
   59.500000000000000        1.2241954584406394        50.549236421230255        6.3128646441163774      -2.74200625533876287E-014   40.192995103944817        1.9995244353531605        1.6901291340817575     
   60.000000000000000        1.1539969316459635        50.244510198934641        6.2595563180170748      -1.28010618285887762E-014   40.236331739663690        2.0028378898876693        1.6919662942339604     
