# degree
3, 3
# shape
14, 14
# rational
1
# knots
 0.          0.          0.          0.          0.09090909  0.18181818
  0.27272727  0.36363636  0.45454545  0.54545455  0.63636364  0.72727273
  0.81818182  0.90909091  1.          1.          1.          1.        
# knots
 0.          0.          0.          0.          0.09090909  0.18181818
  0.27272727  0.36363636  0.45454545  0.54545455  0.63636364  0.72727273
  0.81818182  0.90909091  1.          1.          1.          1.        
# points
  9.18485099e-17   5.00000000e-01   0.00000000e+00
  9.46317981e-17   5.15151515e-01   0.00000000e+00
  1.00198374e-16   5.45454545e-01   0.00000000e+00
  1.08548239e-16   5.90909091e-01   0.00000000e+00
  1.16898104e-16   6.36363636e-01   0.00000000e+00
  1.25247968e-16   6.81818182e-01   0.00000000e+00
  1.33597833e-16   7.27272727e-01   0.00000000e+00
  1.41947697e-16   7.72727273e-01   0.00000000e+00
  1.50297562e-16   8.18181818e-01   0.00000000e+00
  1.58647426e-16   8.63636364e-01   0.00000000e+00
  1.66997291e-16   9.09090909e-01   0.00000000e+00
  1.75347155e-16   9.54545455e-01   0.00000000e+00
  1.80913732e-16   9.84848485e-01   0.00000000e+00
  1.83697020e-16   1.00000000e+00   0.00000000e+00
-0.02181471  0.5         0.        
-0.02247577  0.51515152  0.        
-0.02379787  0.54545455  0.        
-0.02578103  0.59090909  0.        
-0.02776418  0.63636364  0.        
-0.02974734  0.68181818  0.        
-0.03173049  0.72727273  0.        
-0.03371365  0.77272727  0.        
-0.0356968   0.81818182  0.        
-0.03767996  0.86363636  0.        
-0.03966312  0.90909091  0.        
-0.04164627  0.95454545  0.        
-0.04296838  0.98484848  0.        
-0.04362943  1.          0.        
-0.06646639  0.49710011  0.        
-0.06848052  0.51216375  0.        
-0.07250879  0.54229103  0.        
-0.07855118  0.58748195  0.        
-0.08459358  0.63267287  0.        
-0.09063598  0.67786379  0.        
-0.09667838  0.7230547   0.        
-0.10272078  0.76824562  0.        
-0.10876318  0.81343654  0.        
-0.11480558  0.85862746  0.        
-0.12084798  0.90381838  0.        
-0.12689038  0.9490093   0.        
-0.13091864  0.97913658  0.        
-0.13293277  0.99420022  0.        
-0.13419989  0.48337272  0.        
-0.13826655  0.49802038  0.        
-0.14639988  0.5273157   0.        
-0.15859987  0.57125867  0.        
-0.17079986  0.61520165  0.        
-0.18299985  0.65914462  0.        
-0.19519984  0.7030876   0.        
-0.20739983  0.74703057  0.        
-0.21959982  0.79097355  0.        
-0.23179981  0.83491652  0.        
-0.24399979  0.87885949  0.        
-0.25619978  0.92280247  0.        
-0.26433311  0.95209779  0.        
-0.26839977  0.96674544  0.        
-0.20178392  0.45940514  0.        
-0.20789858  0.47332651  0.        
-0.22012791  0.50116924  0.        
-0.2384719   0.54293335  0.        
-0.25681589  0.58469745  0.        
-0.27515989  0.62646156  0.        
-0.29350388  0.66822566  0.        
-0.31184787  0.70998976  0.        
-0.33019186  0.75175387  0.        
-0.34853586  0.79351797  0.        
-0.36687985  0.83528207  0.        
-0.38522384  0.87704618  0.        
-0.39745317  0.90488891  0.        
-0.40356783  0.91881028  0.        
-0.26692816  0.42497002  0.        
-0.27501689  0.4378479   0.        
-0.29119436  0.46360366  0.        
-0.31546055  0.5022373   0.        
-0.33972675  0.54087094  0.        
-0.36399295  0.57950458  0.        
-0.38825914  0.61813822  0.        
-0.41252534  0.65677186  0.        
-0.43679154  0.69540549  0.        
-0.46105773  0.73403913  0.        
-0.48532393  0.77267277  0.        
-0.50959013  0.81130641  0.        
-0.52576759  0.83706217  0.        
-0.53385632  0.84994005  0.        
-0.32724852  0.38052701  0.        
-0.33716514  0.39205813  0.        
-0.35699838  0.41512038  0.        
-0.38674825  0.44971374  0.        
-0.41649811  0.48430711  0.        
-0.44624798  0.51890047  0.        
-0.47599784  0.55349384  0.        
-0.50574771  0.5880872   0.        
-0.53549757  0.62268056  0.        
-0.56524744  0.65727393  0.        
-0.5949973   0.69186729  0.        
-0.62474717  0.72646066  0.        
-0.64458041  0.7495229   0.        
-0.65449703  0.76105402  0.        
-0.38052701  0.32724852  0.        
-0.39205813  0.33716514  0.        
-0.41512038  0.35699838  0.        
-0.44971374  0.38674825  0.        
-0.48430711  0.41649811  0.        
-0.51890047  0.44624798  0.        
-0.55349384  0.47599784  0.        
-0.5880872   0.50574771  0.        
-0.62268056  0.53549757  0.        
-0.65727393  0.56524744  0.        
-0.69186729  0.5949973   0.        
-0.72646066  0.62474717  0.        
-0.7495229   0.64458041  0.        
-0.76105402  0.65449703  0.        
-0.42497002  0.26692816  0.        
-0.4378479   0.27501689  0.        
-0.46360366  0.29119436  0.        
-0.5022373   0.31546055  0.        
-0.54087094  0.33972675  0.        
-0.57950458  0.36399295  0.        
-0.61813822  0.38825914  0.        
-0.65677186  0.41252534  0.        
-0.69540549  0.43679154  0.        
-0.73403913  0.46105773  0.        
-0.77267277  0.48532393  0.        
-0.81130641  0.50959013  0.        
-0.83706217  0.52576759  0.        
-0.84994005  0.53385632  0.        
-0.45940514  0.20178392  0.        
-0.47332651  0.20789858  0.        
-0.50116924  0.22012791  0.        
-0.54293335  0.2384719   0.        
-0.58469745  0.25681589  0.        
-0.62646156  0.27515989  0.        
-0.66822566  0.29350388  0.        
-0.70998976  0.31184787  0.        
-0.75175387  0.33019186  0.        
-0.79351797  0.34853586  0.        
-0.83528207  0.36687985  0.        
-0.87704618  0.38522384  0.        
-0.90488891  0.39745317  0.        
-0.91881028  0.40356783  0.        
-0.48337272  0.13419989  0.        
-0.49802038  0.13826655  0.        
-0.5273157   0.14639988  0.        
-0.57125867  0.15859987  0.        
-0.61520165  0.17079986  0.        
-0.65914462  0.18299985  0.        
-0.7030876   0.19519984  0.        
-0.74703057  0.20739983  0.        
-0.79097355  0.21959982  0.        
-0.83491652  0.23179981  0.        
-0.87885949  0.24399979  0.        
-0.92280247  0.25619978  0.        
-0.95209779  0.26433311  0.        
-0.96674544  0.26839977  0.        
-0.49710011  0.06646639  0.        
-0.51216375  0.06848052  0.        
-0.54229103  0.07250879  0.        
-0.58748195  0.07855118  0.        
-0.63267287  0.08459358  0.        
-0.67786379  0.09063598  0.        
-0.7230547   0.09667838  0.        
-0.76824562  0.10272078  0.        
-0.81343654  0.10876318  0.        
-0.85862746  0.11480558  0.        
-0.90381838  0.12084798  0.        
-0.9490093   0.12689038  0.        
-0.97913658  0.13091864  0.        
-0.99420022  0.13293277  0.        
-0.5         0.02181471  0.        
-0.51515152  0.02247577  0.        
-0.54545455  0.02379787  0.        
-0.59090909  0.02578103  0.        
-0.63636364  0.02776418  0.        
-0.68181818  0.02974734  0.        
-0.72727273  0.03173049  0.        
-0.77272727  0.03371365  0.        
-0.81818182  0.0356968   0.        
-0.86363636  0.03767996  0.        
-0.90909091  0.03966312  0.        
-0.95454545  0.04164627  0.        
-0.98484848  0.04296838  0.        
-1.          0.04362943  0.        
 -5.00000000e-01   9.18485099e-17   0.00000000e+00
 -5.15151515e-01   9.46317981e-17   0.00000000e+00
 -5.45454545e-01   1.00198374e-16   0.00000000e+00
 -5.90909091e-01   1.08548239e-16   0.00000000e+00
 -6.36363636e-01   1.16898104e-16   0.00000000e+00
 -6.81818182e-01   1.25247968e-16   0.00000000e+00
 -7.27272727e-01   1.33597833e-16   0.00000000e+00
 -7.72727273e-01   1.41947697e-16   0.00000000e+00
 -8.18181818e-01   1.50297562e-16   0.00000000e+00
 -8.63636364e-01   1.58647426e-16   0.00000000e+00
 -9.09090909e-01   1.66997291e-16   0.00000000e+00
 -9.54545455e-01   1.75347155e-16   0.00000000e+00
 -9.84848485e-01   1.80913732e-16   0.00000000e+00
 -1.00000000e+00   1.83697020e-16   0.00000000e+00
# weights
1.0
1.0
1.0
1.0
1.0
1.0
1.0
1.0
1.0
1.0
1.0
1.0
1.0
1.0
0.98224889583
0.98224889583
0.98224889583
0.98224889583
0.98224889583
0.98224889583
0.98224889583
0.98224889583
0.98224889583
0.98224889583
0.98224889583
0.98224889583
0.98224889583
0.98224889583
0.949974160974
0.949974160974
0.949974160974
0.949974160974
0.949974160974
0.949974160974
0.949974160974
0.949974160974
0.949974160974
0.949974160974
0.949974160974
0.949974160974
0.949974160974
0.949974160974
0.911244479148
0.911244479148
0.911244479148
0.911244479148
0.911244479148
0.911244479148
0.911244479148
0.911244479148
0.911244479148
0.911244479148
0.911244479148
0.911244479148
0.911244479148
0.911244479148
0.882197217778
0.882197217778
0.882197217778
0.882197217778
0.882197217778
0.882197217778
0.882197217778
0.882197217778
0.882197217778
0.882197217778
0.882197217778
0.882197217778
0.882197217778
0.882197217778
0.862832376864
0.862832376864
0.862832376864
0.862832376864
0.862832376864
0.862832376864
0.862832376864
0.862832376864
0.862832376864
0.862832376864
0.862832376864
0.862832376864
0.862832376864
0.862832376864
0.853149956408
0.853149956408
0.853149956408
0.853149956408
0.853149956408
0.853149956408
0.853149956408
0.853149956408
0.853149956408
0.853149956408
0.853149956408
0.853149956408
0.853149956408
0.853149956408
0.853149956408
0.853149956408
0.853149956408
0.853149956408
0.853149956408
0.853149956408
0.853149956408
0.853149956408
0.853149956408
0.853149956408
0.853149956408
0.853149956408
0.853149956408
0.853149956408
0.862832376864
0.862832376864
0.862832376864
0.862832376864
0.862832376864
0.862832376864
0.862832376864
0.862832376864
0.862832376864
0.862832376864
0.862832376864
0.862832376864
0.862832376864
0.862832376864
0.882197217778
0.882197217778
0.882197217778
0.882197217778
0.882197217778
0.882197217778
0.882197217778
0.882197217778
0.882197217778
0.882197217778
0.882197217778
0.882197217778
0.882197217778
0.882197217778
0.911244479148
0.911244479148
0.911244479148
0.911244479148
0.911244479148
0.911244479148
0.911244479148
0.911244479148
0.911244479148
0.911244479148
0.911244479148
0.911244479148
0.911244479148
0.911244479148
0.949974160974
0.949974160974
0.949974160974
0.949974160974
0.949974160974
0.949974160974
0.949974160974
0.949974160974
0.949974160974
0.949974160974
0.949974160974
0.949974160974
0.949974160974
0.949974160974
0.98224889583
0.98224889583
0.98224889583
0.98224889583
0.98224889583
0.98224889583
0.98224889583
0.98224889583
0.98224889583
0.98224889583
0.98224889583
0.98224889583
0.98224889583
0.98224889583
1.0
1.0
1.0
1.0
1.0
1.0
1.0
1.0
1.0
1.0
1.0
1.0
1.0
1.0
