0 1 2 3 4 5 6 7 8 9 10 14 15 16 17 18 19 20 21 22 23 24 28 29 30 31 32 33 34 35 36 37 38 42 43 44 45 46 47 48 49 50 51 52 56 57 58 59 60 61 62 63 64 65 66 70 71 72 73 74 75 76 77 78 79 80 84 85 86 87 88 89 90 91 92 93 94 98 99 100 101 102 103 104 105 106 107 108 112 113 114 115 116 117 118 119 120 121 122 126 127 128 129 130 131 132 133 134 135 136 140 141 142 143 144 145 146 147 148 149 150
1 2 3 4 5 6 7 8 9 10 11 15 16 17 18 19 20 21 22 23 24 25 29 30 31 32 33 34 35 36 37 38 39 43 44 45 46 47 48 49 50 51 52 53 57 58 59 60 61 62 63 64 65 66 67 71 72 73 74 75 76 77 78 79 80 81 85 86 87 88 89 90 91 92 93 94 95 99 100 101 102 103 104 105 106 107 108 109 113 114 115 116 117 118 119 120 121 122 123 127 128 129 130 131 132 133 134 135 136 137 141 142 143 144 145 146 147 148 149 150 151
2 3 4 5 6 7 8 9 10 11 12 16 17 18 19 20 21 22 23 24 25 26 30 31 32 33 34 35 36 37 38 39 40 44 45 46 47 48 49 50 51 52 53 54 58 59 60 61 62 63 64 65 66 67 68 72 73 74 75 76 77 78 79 80 81 82 86 87 88 89 90 91 92 93 94 95 96 100 101 102 103 104 105 106 107 108 109 110 114 115 116 117 118 119 120 121 122 123 124 128 129 130 131 132 133 134 135 136 137 138 142 143 144 145 146 147 148 149 150 151 152
3 4 5 6 7 8 9 10 11 12 13 17 18 19 20 21 22 23 24 25 26 27 31 32 33 34 35 36 37 38 39 40 41 45 46 47 48 49 50 51 52 53 54 55 59 60 61 62 63 64 65 66 67 68 69 73 74 75 76 77 78 79 80 81 82 83 87 88 89 90 91 92 93 94 95 96 97 101 102 103 104 105 106 107 108 109 110 111 115 116 117 118 119 120 121 122 123 124 125 129 130 131 132 133 134 135 136 137 138 139 143 144 145 146 147 148 149 150 151 152 153
14 15 16 17 18 19 20 21 22 23 24 28 29 30 31 32 33 34 35 36 37 38 42 43 44 45 46 47 48 49 50 51 52 56 57 58 59 60 61 62 63 64 65 66 70 71 72 73 74 75 76 77 78 79 80 84 85 86 87 88 89 90 91 92 93 94 98 99 100 101 102 103 104 105 106 107 108 112 113 114 115 116 117 118 119 120 121 122 126 127 128 129 130 131 132 133 134 135 136 140 141 142 143 144 145 146 147 148 149 150 154 155 156 157 158 159 160 161 162 163 164
15 16 17 18 19 20 21 22 23 24 25 29 30 31 32 33 34 35 36 37 38 39 43 44 45 46 47 48 49 50 51 52 53 57 58 59 60 61 62 63 64 65 66 67 71 72 73 74 75 76 77 78 79 80 81 85 86 87 88 89 90 91 92 93 94 95 99 100 101 102 103 104 105 106 107 108 109 113 114 115 116 117 118 119 120 121 122 123 127 128 129 130 131 132 133 134 135 136 137 141 142 143 144 145 146 147 148 149 150 151 155 156 157 158 159 160 161 162 163 164 165
16 17 18 19 20 21 22 23 24 25 26 30 31 32 33 34 35 36 37 38 39 40 44 45 46 47 48 49 50 51 52 53 54 58 59 60 61 62 63 64 65 66 67 68 72 73 74 75 76 77 78 79 80 81 82 86 87 88 89 90 91 92 93 94 95 96 100 101 102 103 104 105 106 107 108 109 110 114 115 116 117 118 119 120 121 122 123 124 128 129 130 131 132 133 134 135 136 137 138 142 143 144 145 146 147 148 149 150 151 152 156 157 158 159 160 161 162 163 164 165 166
17 18 19 20 21 22 23 24 25 26 27 31 32 33 34 35 36 37 38 39 40 41 45 46 47 48 49 50 51 52 53 54 55 59 60 61 62 63 64 65 66 67 68 69 73 74 75 76 77 78 79 80 81 82 83 87 88 89 90 91 92 93 94 95 96 97 101 102 103 104 105 106 107 108 109 110 111 115 116 117 118 119 120 121 122 123 124 125 129 130 131 132 133 134 135 136 137 138 139 143 144 145 146 147 148 149 150 151 152 153 157 158 159 160 161 162 163 164 165 166 167
28 29 30 31 32 33 34 35 36 37 38 42 43 44 45 46 47 48 49 50 51 52 56 57 58 59 60 61 62 63 64 65 66 70 71 72 73 74 75 76 77 78 79 80 84 85 86 87 88 89 90 91 92 93 94 98 99 100 101 102 103 104 105 106 107 108 112 113 114 115 116 117 118 119 120 121 122 126 127 128 129 130 131 132 133 134 135 136 140 141 142 143 144 145 146 147 148 149 150 154 155 156 157 158 159 160 161 162 163 164 168 169 170 171 172 173 174 175 176 177 178
29 30 31 32 33 34 35 36 37 38 39 43 44 45 46 47 48 49 50 51 52 53 57 58 59 60 61 62 63 64 65 66 67 71 72 73 74 75 76 77 78 79 80 81 85 86 87 88 89 90 91 92 93 94 95 99 100 101 102 103 104 105 106 107 108 109 113 114 115 116 117 118 119 120 121 122 123 127 128 129 130 131 132 133 134 135 136 137 141 142 143 144 145 146 147 148 149 150 151 155 156 157 158 159 160 161 162 163 164 165 169 170 171 172 173 174 175 176 177 178 179
30 31 32 33 34 35 36 37 38 39 40 44 45 46 47 48 49 50 51 52 53 54 58 59 60 61 62 63 64 65 66 67 68 72 73 74 75 76 77 78 79 80 81 82 86 87 88 89 90 91 92 93 94 95 96 100 101 102 103 104 105 106 107 108 109 110 114 115 116 117 118 119 120 121 122 123 124 128 129 130 131 132 133 134 135 136 137 138 142 143 144 145 146 147 148 149 150 151 152 156 157 158 159 160 161 162 163 164 165 166 170 171 172 173 174 175 176 177 178 179 180
31 32 33 34 35 36 37 38 39 40 41 45 46 47 48 49 50 51 52 53 54 55 59 60 61 62 63 64 65 66 67 68 69 73 74 75 76 77 78 79 80 81 82 83 87 88 89 90 91 92 93 94 95 96 97 101 102 103 104 105 106 107 108 109 110 111 115 116 117 118 119 120 121 122 123 124 125 129 130 131 132 133 134 135 136 137 138 139 143 144 145 146 147 148 149 150 151 152 153 157 158 159 160 161 162 163 164 165 166 167 171 172 173 174 175 176 177 178 179 180 181
42 43 44 45 46 47 48 49 50 51 52 56 57 58 59 60 61 62 63 64 65 66 70 71 72 73 74 75 76 77 78 79 80 84 85 86 87 88 89 90 91 92 93 94 98 99 100 101 102 103 104 105 106 107 108 112 113 114 115 116 117 118 119 120 121 122 126 127 128 129 130 131 132 133 134 135 136 140 141 142 143 144 145 146 147 148 149 150 154 155 156 157 158 159 160 161 162 163 164 168 169 170 171 172 173 174 175 176 177 178 182 183 184 185 186 187 188 189 190 191 192
43 44 45 46 47 48 49 50 51 52 53 57 58 59 60 61 62 63 64 65 66 67 71 72 73 74 75 76 77 78 79 80 81 85 86 87 88 89 90 91 92 93 94 95 99 100 101 102 103 104 105 106 107 108 109 113 114 115 116 117 118 119 120 121 122 123 127 128 129 130 131 132 133 134 135 136 137 141 142 143 144 145 146 147 148 149 150 151 155 156 157 158 159 160 161 162 163 164 165 169 170 171 172 173 174 175 176 177 178 179 183 184 185 186 187 188 189 190 191 192 193
44 45 46 47 48 49 50 51 52 53 54 58 59 60 61 62 63 64 65 66 67 68 72 73 74 75 76 77 78 79 80 81 82 86 87 88 89 90 91 92 93 94 95 96 100 101 102 103 104 105 106 107 108 109 110 114 115 116 117 118 119 120 121 122 123 124 128 129 130 131 132 133 134 135 136 137 138 142 143 144 145 146 147 148 149 150 151 152 156 157 158 159 160 161 162 163 164 165 166 170 171 172 173 174 175 176 177 178 179 180 184 185 186 187 188 189 190 191 192 193 194
45 46 47 48 49 50 51 52 53 54 55 59 60 61 62 63 64 65 66 67 68 69 73 74 75 76 77 78 79 80 81 82 83 87 88 89 90 91 92 93 94 95 96 97 101 102 103 104 105 106 107 108 109 110 111 115 116 117 118 119 120 121 122 123 124 125 129 130 131 132 133 134 135 136 137 138 139 143 144 145 146 147 148 149 150 151 152 153 157 158 159 160 161 162 163 164 165 166 167 171 172 173 174 175 176 177 178 179 180 181 185 186 187 188 189 190 191 192 193 194 195
