1 2 3 4 5 6 7 8 9 10 11 14 15 16 17 18 19 20 21 22 23 24 27 28 29 30 31 32 33 34 35 36 37 40 41 42 43 44 45 46 47 48 49 50 53 54 55 56 57 58 59 60 61 62 63 66 67 68 69 70 71 72 73 74 75 76 79 80 81 82 83 84 85 86 87 88 89 92 93 94 95 96 97 98 99 100 101 102 105 106 107 108 109 110 111 112 113 114 115 118 119 120 121 122 123 124 125 126 127 128 131 132 133 134 135 136 137 138 139 140 141
2 3 4 5 6 7 8 9 10 11 12 15 16 17 18 19 20 21 22 23 24 25 28 29 30 31 32 33 34 35 36 37 38 41 42 43 44 45 46 47 48 49 50 51 54 55 56 57 58 59 60 61 62 63 64 67 68 69 70 71 72 73 74 75 76 77 80 81 82 83 84 85 86 87 88 89 90 93 94 95 96 97 98 99 100 101 102 103 106 107 108 109 110 111 112 113 114 115 116 119 120 121 122 123 124 125 126 127 128 129 132 133 134 135 136 137 138 139 140 141 142
3 4 5 6 7 8 9 10 11 12 13 16 17 18 19 20 21 22 23 24 25 26 29 30 31 32 33 34 35 36 37 38 39 42 43 44 45 46 47 48 49 50 51 52 55 56 57 58 59 60 61 62 63 64 65 68 69 70 71 72 73 74 75 76 77 78 81 82 83 84 85 86 87 88 89 90 91 94 95 96 97 98 99 100 101 102 103 104 107 108 109 110 111 112 113 114 115 116 117 120 121 122 123 124 125 126 127 128 129 130 133 134 135 136 137 138 139 140 141 142 143
4 5 6 7 8 9 10 11 12 13 0 17 18 19 20 21 22 23 24 25 26 0 30 31 32 33 34 35 36 37 38 39 0 43 44 45 46 47 48 49 50 51 52 0 56 57 58 59 60 61 62 63 64 65 0 69 70 71 72 73 74 75 76 77 78 0 82 83 84 85 86 87 88 89 90 91 0 95 96 97 98 99 100 101 102 103 104 0 108 109 110 111 112 113 114 115 116 117 0 121 122 123 124 125 126 127 128 129 130 0 134 135 136 137 138 139 140 141 142 143 0
14 15 16 17 18 19 20 21 22 23 24 27 28 29 30 31 32 33 34 35 36 37 40 41 42 43 44 45 46 47 48 49 50 53 54 55 56 57 58 59 60 61 62 63 66 67 68 69 70 71 72 73 74 75 76 79 80 81 82 83 84 85 86 87 88 89 92 93 94 95 96 97 98 99 100 101 102 105 106 107 108 109 110 111 112 113 114 115 118 119 120 121 122 123 124 125 126 127 128 131 132 133 134 135 136 137 138 139 140 141 144 145 146 147 148 149 150 151 152 153 154
15 16 17 18 19 20 21 22 23 24 25 28 29 30 31 32 33 34 35 36 37 38 41 42 43 44 45 46 47 48 49 50 51 54 55 56 57 58 59 60 61 62 63 64 67 68 69 70 71 72 73 74 75 76 77 80 81 82 83 84 85 86 87 88 89 90 93 94 95 96 97 98 99 100 101 102 103 106 107 108 109 110 111 112 113 114 115 116 119 120 121 122 123 124 125 126 127 128 129 132 133 134 135 136 137 138 139 140 141 142 145 146 147 148 149 150 151 152 153 154 155
16 17 18 19 20 21 22 23 24 25 26 29 30 31 32 33 34 35 36 37 38 39 42 43 44 45 46 47 48 49 50 51 52 55 56 57 58 59 60 61 62 63 64 65 68 69 70 71 72 73 74 75 76 77 78 81 82 83 84 85 86 87 88 89 90 91 94 95 96 97 98 99 100 101 102 103 104 107 108 109 110 111 112 113 114 115 116 117 120 121 122 123 124 125 126 127 128 129 130 133 134 135 136 137 138 139 140 141 142 143 146 147 148 149 150 151 152 153 154 155 156
17 18 19 20 21 22 23 24 25 26 0 30 31 32 33 34 35 36 37 38 39 0 43 44 45 46 47 48 49 50 51 52 0 56 57 58 59 60 61 62 63 64 65 0 69 70 71 72 73 74 75 76 77 78 0 82 83 84 85 86 87 88 89 90 91 0 95 96 97 98 99 100 101 102 103 104 0 108 109 110 111 112 113 114 115 116 117 0 121 122 123 124 125 126 127 128 129 130 0 134 135 136 137 138 139 140 141 142 143 0 147 148 149 150 151 152 153 154 155 156 0
27 28 29 30 31 32 33 34 35 36 37 40 41 42 43 44 45 46 47 48 49 50 53 54 55 56 57 58 59 60 61 62 63 66 67 68 69 70 71 72 73 74 75 76 79 80 81 82 83 84 85 86 87 88 89 92 93 94 95 96 97 98 99 100 101 102 105 106 107 108 109 110 111 112 113 114 115 118 119 120 121 122 123 124 125 126 127 128 131 132 133 134 135 136 137 138 139 140 141 144 145 146 147 148 149 150 151 152 153 154 157 158 159 160 161 162 163 164 165 166 167
28 29 30 31 32 33 34 35 36 37 38 41 42 43 44 45 46 47 48 49 50 51 54 55 56 57 58 59 60 61 62 63 64 67 68 69 70 71 72 73 74 75 76 77 80 81 82 83 84 85 86 87 88 89 90 93 94 95 96 97 98 99 100 101 102 103 106 107 108 109 110 111 112 113 114 115 116 119 120 121 122 123 124 125 126 127 128 129 132 133 134 135 136 137 138 139 140 141 142 145 146 147 148 149 150 151 152 153 154 155 158 159 160 161 162 163 164 165 166 167 168
29 30 31 32 33 34 35 36 37 38 39 42 43 44 45 46 47 48 49 50 51 52 55 56 57 58 59 60 61 62 63 64 65 68 69 70 71 72 73 74 75 76 77 78 81 82 83 84 85 86 87 88 89 90 91 94 95 96 97 98 99 100 101 102 103 104 107 108 109 110 111 112 113 114 115 116 117 120 121 122 123 124 125 126 127 128 129 130 133 134 135 136 137 138 139 140 141 142 143 146 147 148 149 150 151 152 153 154 155 156 159 160 161 162 163 164 165 166 167 168 169
30 31 32 33 34 35 36 37 38 39 0 43 44 45 46 47 48 49 50 51 52 0 56 57 58 59 60 61 62 63 64 65 0 69 70 71 72 73 74 75 76 77 78 0 82 83 84 85 86 87 88 89 90 91 0 95 96 97 98 99 100 101 102 103 104 0 108 109 110 111 112 113 114 115 116 117 0 121 122 123 124 125 126 127 128 129 130 0 134 135 136 137 138 139 140 141 142 143 0 147 148 149 150 151 152 153 154 155 156 0 160 161 162 163 164 165 166 167 168 169 0
40 41 42 43 44 45 46 47 48 49 50 53 54 55 56 57 58 59 60 61 62 63 66 67 68 69 70 71 72 73 74 75 76 79 80 81 82 83 84 85 86 87 88 89 92 93 94 95 96 97 98 99 100 101 102 105 106 107 108 109 110 111 112 113 114 115 118 119 120 121 122 123 124 125 126 127 128 131 132 133 134 135 136 137 138 139 140 141 144 145 146 147 148 149 150 151 152 153 154 157 158 159 160 161 162 163 164 165 166 167 170 171 172 173 174 175 176 177 178 179 180
41 42 43 44 45 46 47 48 49 50 51 54 55 56 57 58 59 60 61 62 63 64 67 68 69 70 71 72 73 74 75 76 77 80 81 82 83 84 85 86 87 88 89 90 93 94 95 96 97 98 99 100 101 102 103 106 107 108 109 110 111 112 113 114 115 116 119 120 121 122 123 124 125 126 127 128 129 132 133 134 135 136 137 138 139 140 141 142 145 146 147 148 149 150 151 152 153 154 155 158 159 160 161 162 163 164 165 166 167 168 171 172 173 174 175 176 177 178 179 180 181
42 43 44 45 46 47 48 49 50 51 52 55 56 57 58 59 60 61 62 63 64 65 68 69 70 71 72 73 74 75 76 77 78 81 82 83 84 85 86 87 88 89 90 91 94 95 96 97 98 99 100 101 102 103 104 107 108 109 110 111 112 113 114 115 116 117 120 121 122 123 124 125 126 127 128 129 130 133 134 135 136 137 138 139 140 141 142 143 146 147 148 149 150 151 152 153 154 155 156 159 160 161 162 163 164 165 166 167 168 169 172 173 174 175 176 177 178 179 180 181 182
43 44 45 46 47 48 49 50 51 52 0 56 57 58 59 60 61 62 63 64 65 0 69 70 71 72 73 74 75 76 77 78 0 82 83 84 85 86 87 88 89 90 91 0 95 96 97 98 99 100 101 102 103 104 0 108 109 110 111 112 113 114 115 116 117 0 121 122 123 124 125 126 127 128 129 130 0 134 135 136 137 138 139 140 141 142 143 0 147 148 149 150 151 152 153 154 155 156 0 160 161 162 163 164 165 166 167 168 169 0 173 174 175 176 177 178 179 180 181 182 0
