183 184 185 186 187 188 189 190 191 192 193 196 197 198 199 200 201 202 203 204 205 206 209 210 211 212 213 214 215 216 217 218 219 222 223 224 225 226 227 228 229 230 231 232 235 236 237 238 239 240 241 242 243 244 245 248 249 250 251 252 253 254 255 256 257 258 261 262 263 264 265 266 267 268 269 270 271 274 275 276 277 278 279 280 281 282 283 284 287 288 289 290 291 292 293 294 295 296 297 300 301 302 303 304 305 306 307 308 309 310 313 314 315 316 317 318 319 320 321 322 323
184 185 186 187 188 189 190 191 192 193 194 197 198 199 200 201 202 203 204 205 206 207 210 211 212 213 214 215 216 217 218 219 220 223 224 225 226 227 228 229 230 231 232 233 236 237 238 239 240 241 242 243 244 245 246 249 250 251 252 253 254 255 256 257 258 259 262 263 264 265 266 267 268 269 270 271 272 275 276 277 278 279 280 281 282 283 284 285 288 289 290 291 292 293 294 295 296 297 298 301 302 303 304 305 306 307 308 309 310 311 314 315 316 317 318 319 320 321 322 323 324
185 186 187 188 189 190 191 192 193 194 195 198 199 200 201 202 203 204 205 206 207 208 211 212 213 214 215 216 217 218 219 220 221 224 225 226 227 228 229 230 231 232 233 234 237 238 239 240 241 242 243 244 245 246 247 250 251 252 253 254 255 256 257 258 259 260 263 264 265 266 267 268 269 270 271 272 273 276 277 278 279 280 281 282 283 284 285 286 289 290 291 292 293 294 295 296 297 298 299 302 303 304 305 306 307 308 309 310 311 312 315 316 317 318 319 320 321 322 323 324 325
186 187 188 189 190 191 192 193 194 195 0 199 200 201 202 203 204 205 206 207 208 0 212 213 214 215 216 217 218 219 220 221 0 225 226 227 228 229 230 231 232 233 234 0 238 239 240 241 242 243 244 245 246 247 0 251 252 253 254 255 256 257 258 259 260 0 264 265 266 267 268 269 270 271 272 273 0 277 278 279 280 281 282 283 284 285 286 0 290 291 292 293 294 295 296 297 298 299 0 303 304 305 306 307 308 309 310 311 312 0 316 317 318 319 320 321 322 323 324 325 0
196 197 198 199 200 201 202 203 204 205 206 209 210 211 212 213 214 215 216 217 218 219 222 223 224 225 226 227 228 229 230 231 232 235 236 237 238 239 240 241 242 243 244 245 248 249 250 251 252 253 254 255 256 257 258 261 262 263 264 265 266 267 268 269 270 271 274 275 276 277 278 279 280 281 282 283 284 287 288 289 290 291 292 293 294 295 296 297 300 301 302 303 304 305 306 307 308 309 310 313 314 315 316 317 318 319 320 321 322 323 326 327 328 329 330 331 332 333 334 335 336
197 198 199 200 201 202 203 204 205 206 207 210 211 212 213 214 215 216 217 218 219 220 223 224 225 226 227 228 229 230 231 232 233 236 237 238 239 240 241 242 243 244 245 246 249 250 251 252 253 254 255 256 257 258 259 262 263 264 265 266 267 268 269 270 271 272 275 276 277 278 279 280 281 282 283 284 285 288 289 290 291 292 293 294 295 296 297 298 301 302 303 304 305 306 307 308 309 310 311 314 315 316 317 318 319 320 321 322 323 324 327 328 329 330 331 332 333 334 335 336 337
198 199 200 201 202 203 204 205 206 207 208 211 212 213 214 215 216 217 218 219 220 221 224 225 226 227 228 229 230 231 232 233 234 237 238 239 240 241 242 243 244 245 246 247 250 251 252 253 254 255 256 257 258 259 260 263 264 265 266 267 268 269 270 271 272 273 276 277 278 279 280 281 282 283 284 285 286 289 290 291 292 293 294 295 296 297 298 299 302 303 304 305 306 307 308 309 310 311 312 315 316 317 318 319 320 321 322 323 324 325 328 329 330 331 332 333 334 335 336 337 338
199 200 201 202 203 204 205 206 207 208 0 212 213 214 215 216 217 218 219 220 221 0 225 226 227 228 229 230 231 232 233 234 0 238 239 240 241 242 243 244 245 246 247 0 251 252 253 254 255 256 257 258 259 260 0 264 265 266 267 268 269 270 271 272 273 0 277 278 279 280 281 282 283 284 285 286 0 290 291 292 293 294 295 296 297 298 299 0 303 304 305 306 307 308 309 310 311 312 0 316 317 318 319 320 321 322 323 324 325 0 329 330 331 332 333 334 335 336 337 338 0
209 210 211 212 213 214 215 216 217 218 219 222 223 224 225 226 227 228 229 230 231 232 235 236 237 238 239 240 241 242 243 244 245 248 249 250 251 252 253 254 255 256 257 258 261 262 263 264 265 266 267 268 269 270 271 274 275 276 277 278 279 280 281 282 283 284 287 288 289 290 291 292 293 294 295 296 297 300 301 302 303 304 305 306 307 308 309 310 313 314 315 316 317 318 319 320 321 322 323 326 327 328 329 330 331 332 333 334 335 336 339 340 341 342 343 344 345 346 347 348 349
210 211 212 213 214 215 216 217 218 219 220 223 224 225 226 227 228 229 230 231 232 233 236 237 238 239 240 241 242 243 244 245 246 249 250 251 252 253 254 255 256 257 258 259 262 263 264 265 266 267 268 269 270 271 272 275 276 277 278 279 280 281 282 283 284 285 288 289 290 291 292 293 294 295 296 297 298 301 302 303 304 305 306 307 308 309 310 311 314 315 316 317 318 319 320 321 322 323 324 327 328 329 330 331 332 333 334 335 336 337 340 341 342 343 344 345 346 347 348 349 350
211 212 213 214 215 216 217 218 219 220 221 224 225 226 227 228 229 230 231 232 233 234 237 238 239 240 241 242 243 244 245 246 247 250 251 252 253 254 255 256 257 258 259 260 263 264 265 266 267 268 269 270 271 272 273 276 277 278 279 280 281 282 283 284 285 286 289 290 291 292 293 294 295 296 297 298 299 302 303 304 305 306 307 308 309 310 311 312 315 316 317 318 319 320 321 322 323 324 325 328 329 330 331 332 333 334 335 336 337 338 341 342 343 344 345 346 347 348 349 350 351
212 213 214 215 216 217 218 219 220 221 0 225 226 227 228 229 230 231 232 233 234 0 238 239 240 241 242 243 244 245 246 247 0 251 252 253 254 255 256 257 258 259 260 0 264 265 266 267 268 269 270 271 272 273 0 277 278 279 280 281 282 283 284 285 286 0 290 291 292 293 294 295 296 297 298 299 0 303 304 305 306 307 308 309 310 311 312 0 316 317 318 319 320 321 322 323 324 325 0 329 330 331 332 333 334 335 336 337 338 0 342 343 344 345 346 347 348 349 350 351 0
222 223 224 225 226 227 228 229 230 231 232 235 236 237 238 239 240 241 242 243 244 245 248 249 250 251 252 253 254 255 256 257 258 261 262 263 264 265 266 267 268 269 270 271 274 275 276 277 278 279 280 281 282 283 284 287 288 289 290 291 292 293 294 295 296 297 300 301 302 303 304 305 306 307 308 309 310 313 314 315 316 317 318 319 320 321 322 323 326 327 328 329 330 331 332 333 334 335 336 339 340 341 342 343 344 345 346 347 348 349 1 2 3 4 5 6 7 8 9 10 11
223 224 225 226 227 228 229 230 231 232 233 236 237 238 239 240 241 242 243 244 245 246 249 250 251 252 253 254 255 256 257 258 259 262 263 264 265 266 267 268 269 270 271 272 275 276 277 278 279 280 281 282 283 284 285 288 289 290 291 292 293 294 295 296 297 298 301 302 303 304 305 306 307 308 309 310 311 314 315 316 317 318 319 320 321 322 323 324 327 328 329 330 331 332 333 334 335 336 337 340 341 342 343 344 345 346 347 348 349 350 2 3 4 5 6 7 8 9 10 11 12
224 225 226 227 228 229 230 231 232 233 234 237 238 239 240 241 242 243 244 245 246 247 250 251 252 253 254 255 256 257 258 259 260 263 264 265 266 267 268 269 270 271 272 273 276 277 278 279 280 281 282 283 284 285 286 289 290 291 292 293 294 295 296 297 298 299 302 303 304 305 306 307 308 309 310 311 312 315 316 317 318 319 320 321 322 323 324 325 328 329 330 331 332 333 334 335 336 337 338 341 342 343 344 345 346 347 348 349 350 351 3 4 5 6 7 8 9 10 11 12 13
225 226 227 228 229 230 231 232 233 234 0 238 239 240 241 242 243 244 245 246 247 0 251 252 253 254 255 256 257 258 259 260 0 264 265 266 267 268 269 270 271 272 273 0 277 278 279 280 281 282 283 284 285 286 0 290 291 292 293 294 295 296 297 298 299 0 303 304 305 306 307 308 309 310 311 312 0 316 317 318 319 320 321 322 323 324 325 0 329 330 331 332 333 334 335 336 337 338 0 342 343 344 345 346 347 348 349 350 351 0 4 5 6 7 8 9 10 11 12 13 0
