183 352 353 354 355 356 357 358 359 360 361 184 365 366 367 368 369 370 371 372 373 374 185 378 379 380 381 382 383 384 385 386 387 186 391 392 393 394 395 396 397 398 399 400 187 404 405 406 407 408 409 410 411 412 413 188 417 418 419 420 421 422 423 424 425 426 189 430 431 432 433 434 435 436 437 438 439 190 443 444 445 446 447 448 449 450 451 452 191 456 457 458 459 460 461 462 463 464 465 192 469 470 471 472 473 474 475 476 477 478 193 482 483 484 485 486 487 488 489 490 491
352 353 354 355 356 357 358 359 360 361 362 365 366 367 368 369 370 371 372 373 374 375 378 379 380 381 382 383 384 385 386 387 388 391 392 393 394 395 396 397 398 399 400 401 404 405 406 407 408 409 410 411 412 413 414 417 418 419 420 421 422 423 424 425 426 427 430 431 432 433 434 435 436 437 438 439 440 443 444 445 446 447 448 449 450 451 452 453 456 457 458 459 460 461 462 463 464 465 466 469 470 471 472 473 474 475 476 477 478 479 482 483 484 485 486 487 488 489 490 491 492
353 354 355 356 357 358 359 360 361 362 363 366 367 368 369 370 371 372 373 374 375 376 379 380 381 382 383 384 385 386 387 388 389 392 393 394 395 396 397 398 399 400 401 402 405 406 407 408 409 410 411 412 413 414 415 418 419 420 421 422 423 424 425 426 427 428 431 432 433 434 435 436 437 438 439 440 441 444 445 446 447 448 449 450 451 452 453 454 457 458 459 460 461 462 463 464 465 466 467 470 471 472 473 474 475 476 477 478 479 480 483 484 485 486 487 488 489 490 491 492 493
354 355 356 357 358 359 360 361 362 363 364 367 368 369 370 371 372 373 374 375 376 377 380 381 382 383 384 385 386 387 388 389 390 393 394 395 396 397 398 399 400 401 402 403 406 407 408 409 410 411 412 413 414 415 416 419 420 421 422 423 424 425 426 427 428 429 432 433 434 435 436 437 438 439 440 441 442 445 446 447 448 449 450 451 452 453 454 455 458 459 460 461 462 463 464 465 466 467 468 471 472 473 474 475 476 477 478 479 480 481 484 485 486 487 488 489 490 491 492 493 494
184 365 366 367 368 369 370 371 372 373 374 185 378 379 380 381 382 383 384 385 386 387 186 391 392 393 394 395 396 397 398 399 400 187 404 405 406 407 408 409 410 411 412 413 188 417 418 419 420 421 422 423 424 425 426 189 430 431 432 433 434 435 436 437 438 439 190 443 444 445 446 447 448 449 450 451 452 191 456 457 458 459 460 461 462 463 464 465 192 469 470 471 472 473 474 475 476 477 478 193 482 483 484 485 486 487 488 489 490 491 194 495 496 497 498 499 500 501 502 503 504
365 366 367 368 369 370 371 372 373 374 375 378 379 380 381 382 383 384 385 386 387 388 391 392 393 394 395 396 397 398 399 400 401 404 405 406 407 408 409 410 411 412 413 414 417 418 419 420 421 422 423 424 425 426 427 430 431 432 433 434 435 436 437 438 439 440 443 444 445 446 447 448 449 450 451 452 453 456 457 458 459 460 461 462 463 464 465 466 469 470 471 472 473 474 475 476 477 478 479 482 483 484 485 486 487 488 489 490 491 492 495 496 497 498 499 500 501 502 503 504 505
366 367 368 369 370 371 372 373 374 375 376 379 380 381 382 383 384 385 386 387 388 389 392 393 394 395 396 397 398 399 400 401 402 405 406 407 408 409 410 411 412 413 414 415 418 419 420 421 422 423 424 425 426 427 428 431 432 433 434 435 436 437 438 439 440 441 444 445 446 447 448 449 450 451 452 453 454 457 458 459 460 461 462 463 464 465 466 467 470 471 472 473 474 475 476 477 478 479 480 483 484 485 486 487 488 489 490 491 492 493 496 497 498 499 500 501 502 503 504 505 506
367 368 369 370 371 372 373 374 375 376 377 380 381 382 383 384 385 386 387 388 389 390 393 394 395 396 397 398 399 400 401 402 403 406 407 408 409 410 411 412 413 414 415 416 419 420 421 422 423 424 425 426 427 428 429 432 433 434 435 436 437 438 439 440 441 442 445 446 447 448 449 450 451 452 453 454 455 458 459 460 461 462 463 464 465 466 467 468 471 472 473 474 475 476 477 478 479 480 481 484 485 486 487 488 489 490 491 492 493 494 497 498 499 500 501 502 503 504 505 506 507
185 378 379 380 381 382 383 384 385 386 387 186 391 392 393 394 395 396 397 398 399 400 187 404 405 406 407 408 409 410 411 412 413 188 417 418 419 420 421 422 423 424 425 426 189 430 431 432 433 434 435 436 437 438 439 190 443 444 445 446 447 448 449 450 451 452 191 456 457 458 459 460 461 462 463 464 465 192 469 470 471 472 473 474 475 476 477 478 193 482 483 484 485 486 487 488 489 490 491 194 495 496 497 498 499 500 501 502 503 504 195 508 509 510 511 512 513 514 515 516 517
378 379 380 381 382 383 384 385 386 387 388 391 392 393 394 395 396 397 398 399 400 401 404 405 406 407 408 409 410 411 412 413 414 417 418 419 420 421 422 423 424 425 426 427 430 431 432 433 434 435 436 437 438 439 440 443 444 445 446 447 448 449 450 451 452 453 456 457 458 459 460 461 462 463 464 465 466 469 470 471 472 473 474 475 476 477 478 479 482 483 484 485 486 487 488 489 490 491 492 495 496 497 498 499 500 501 502 503 504 505 508 509 510 511 512 513 514 515 516 517 518
379 380 381 382 383 384 385 386 387 388 389 392 393 394 395 396 397 398 399 400 401 402 405 406 407 408 409 410 411 412 413 414 415 418 419 420 421 422 423 424 425 426 427 428 431 432 433 434 435 436 437 438 439 440 441 444 445 446 447 448 449 450 451 452 453 454 457 458 459 460 461 462 463 464 465 466 467 470 471 472 473 474 475 476 477 478 479 480 483 484 485 486 487 488 489 490 491 492 493 496 497 498 499 500 501 502 503 504 505 506 509 510 511 512 513 514 515 516 517 518 519
380 381 382 383 384 385 386 387 388 389 390 393 394 395 396 397 398 399 400 401 402 403 406 407 408 409 410 411 412 413 414 415 416 419 420 421 422 423 424 425 426 427 428 429 432 433 434 435 436 437 438 439 440 441 442 445 446 447 448 449 450 451 452 453 454 455 458 459 460 461 462 463 464 465 466 467 468 471 472 473 474 475 476 477 478 479 480 481 484 485 486 487 488 489 490 491 492 493 494 497 498 499 500 501 502 503 504 505 506 507 510 511 512 513 514 515 516 517 518 519 520
186 391 392 393 394 395 396 397 398 399 400 187 404 405 406 407 408 409 410 411 412 413 188 417 418 419 420 421 422 423 424 425 426 189 430 431 432 433 434 435 436 437 438 439 190 443 444 445 446 447 448 449 450 451 452 191 456 457 458 459 460 461 462 463 464 465 192 469 470 471 472 473 474 475 476 477 478 193 482 483 484 485 486 487 488 489 490 491 194 495 496 497 498 499 500 501 502 503 504 195 508 509 510 511 512 513 514 515 516 517 0 0 0 0 0 0 0 0 0 0 0
391 392 393 394 395 396 397 398 399 400 401 404 405 406 407 408 409 410 411 412 413 414 417 418 419 420 421 422 423 424 425 426 427 430 431 432 433 434 435 436 437 438 439 440 443 444 445 446 447 448 449 450 451 452 453 456 457 458 459 460 461 462 463 464 465 466 469 470 471 472 473 474 475 476 477 478 479 482 483 484 485 486 487 488 489 490 491 492 495 496 497 498 499 500 501 502 503 504 505 508 509 510 511 512 513 514 515 516 517 518 0 0 0 0 0 0 0 0 0 0 0
392 393 394 395 396 397 398 399 400 401 402 405 406 407 408 409 410 411 412 413 414 415 418 419 420 421 422 423 424 425 426 427 428 431 432 433 434 435 436 437 438 439 440 441 444 445 446 447 448 449 450 451 452 453 454 457 458 459 460 461 462 463 464 465 466 467 470 471 472 473 474 475 476 477 478 479 480 483 484 485 486 487 488 489 490 491 492 493 496 497 498 499 500 501 502 503 504 505 506 509 510 511 512 513 514 515 516 517 518 519 0 0 0 0 0 0 0 0 0 0 0
393 394 395 396 397 398 399 400 401 402 403 406 407 408 409 410 411 412 413 414 415 416 419 420 421 422 423 424 425 426 427 428 429 432 433 434 435 436 437 438 439 440 441 442 445 446 447 448 449 450 451 452 453 454 455 458 459 460 461 462 463 464 465 466 467 468 471 472 473 474 475 476 477 478 479 480 481 484 485 486 487 488 489 490 491 492 493 494 497 498 499 500 501 502 503 504 505 506 507 510 511 512 513 514 515 516 517 518 519 520 0 0 0 0 0 0 0 0 0 0 0
