364 521 522 523 524 525 526 527 528 529 530 377 533 534 535 536 537 538 539 540 541 542 390 545 546 547 548 549 550 551 552 553 554 403 557 558 559 560 561 562 563 564 565 566 416 569 570 571 572 573 574 575 576 577 578 429 581 582 583 584 585 586 587 588 589 590 442 593 594 595 596 597 598 599 600 601 602 455 605 606 607 608 609 610 611 612 613 614 468 617 618 619 620 621 622 623 624 625 626 481 629 630 631 632 633 634 635 636 637 638 494 641 642 643 644 645 646 647 648 649 650
521 522 523 524 525 526 527 528 529 530 531 533 534 535 536 537 538 539 540 541 542 543 545 546 547 548 549 550 551 552 553 554 555 557 558 559 560 561 562 563 564 565 566 567 569 570 571 572 573 574 575 576 577 578 579 581 582 583 584 585 586 587 588 589 590 591 593 594 595 596 597 598 599 600 601 602 603 605 606 607 608 609 610 611 612 613 614 615 617 618 619 620 621 622 623 624 625 626 627 629 630 631 632 633 634 635 636 637 638 639 641 642 643 644 645 646 647 648 649 650 651
522 523 524 525 526 527 528 529 530 531 532 534 535 536 537 538 539 540 541 542 543 544 546 547 548 549 550 551 552 553 554 555 556 558 559 560 561 562 563 564 565 566 567 568 570 571 572 573 574 575 576 577 578 579 580 582 583 584 585 586 587 588 589 590 591 592 594 595 596 597 598 599 600 601 602 603 604 606 607 608 609 610 611 612 613 614 615 616 618 619 620 621 622 623 624 625 626 627 628 630 631 632 633 634 635 636 637 638 639 640 642 643 644 645 646 647 648 649 650 651 652
523 524 525 526 527 528 529 530 531 532 170 535 536 537 538 539 540 541 542 543 544 171 547 548 549 550 551 552 553 554 555 556 172 559 560 561 562 563 564 565 566 567 568 173 571 572 573 574 575 576 577 578 579 580 174 583 584 585 586 587 588 589 590 591 592 175 595 596 597 598 599 600 601 602 603 604 176 607 608 609 610 611 612 613 614 615 616 177 619 620 621 622 623 624 625 626 627 628 178 631 632 633 634 635 636 637 638 639 640 179 643 644 645 646 647 648 649 650 651 652 180
377 533 534 535 536 537 538 539 540 541 542 390 545 546 547 548 549 550 551 552 553 554 403 557 558 559 560 561 562 563 564 565 566 416 569 570 571 572 573 574 575 576 577 578 429 581 582 583 584 585 586 587 588 589 590 442 593 594 595 596 597 598 599 600 601 602 455 605 606 607 608 609 610 611 612 613 614 468 617 618 619 620 621 622 623 624 625 626 481 629 630 631 632 633 634 635 636 637 638 494 641 642 643 644 645 646 647 648 649 650 507 653 654 655 656 657 658 659 660 661 662
533 534 535 536 537 538 539 540 541 542 543 545 546 547 548 549 550 551 552 553 554 555 557 558 559 560 561 562 563 564 565 566 567 569 570 571 572 573 574 575 576 577 578 579 581 582 583 584 585 586 587 588 589 590 591 593 594 595 596 597 598 599 600 601 602 603 605 606 607 608 609 610 611 612 613 614 615 617 618 619 620 621 622 623 624 625 626 627 629 630 631 632 633 634 635 636 637 638 639 641 642 643 644 645 646 647 648 649 650 651 653 654 655 656 657 658 659 660 661 662 663
534 535 536 537 538 539 540 541 542 543 544 546 547 548 549 550 551 552 553 554 555 556 558 559 560 561 562 563 564 565 566 567 568 570 571 572 573 574 575 576 577 578 579 580 582 583 584 585 586 587 588 589 590 591 592 594 595 596 597 598 599 600 601 602 603 604 606 607 608 609 610 611 612 613 614 615 616 618 619 620 621 622 623 624 625 626 627 628 630 631 632 633 634 635 636 637 638 639 640 642 643 644 645 646 647 648 649 650 651 652 654 655 656 657 658 659 660 661 662 663 664
535 536 537 538 539 540 541 542 543 544 171 547 548 549 550 551 552 553 554 555 556 172 559 560 561 562 563 564 565 566 567 568 173 571 572 573 574 575 576 577 578 579 580 174 583 584 585 586 587 588 589 590 591 592 175 595 596 597 598 599 600 601 602 603 604 176 607 608 609 610 611 612 613 614 615 616 177 619 620 621 622 623 624 625 626 627 628 178 631 632 633 634 635 636 637 638 639 640 179 643 644 645 646 647 648 649 650 651 652 180 655 656 657 658 659 660 661 662 663 664 181
390 545 546 547 548 549 550 551 552 553 554 403 557 558 559 560 561 562 563 564 565 566 416 569 570 571 572 573 574 575 576 577 578 429 581 582 583 584 585 586 587 588 589 590 442 593 594 595 596 597 598 599 600 601 602 455 605 606 607 608 609 610 611 612 613 614 468 617 618 619 620 621 622 623 624 625 626 481 629 630 631 632 633 634 635 636 637 638 494 641 642 643 644 645 646 647 648 649 650 507 653 654 655 656 657 658 659 660 661 662 520 665 666 667 668 669 670 671 672 673 674
545 546 547 548 549 550 551 552 553 554 555 557 558 559 560 561 562 563 564 565 566 567 569 570 571 572 573 574 575 576 577 578 579 581 582 583 584 585 586 587 588 589 590 591 593 594 595 596 597 598 599 600 601 602 603 605 606 607 608 609 610 611 612 613 614 615 617 618 619 620 621 622 623 624 625 626 627 629 630 631 632 633 634 635 636 637 638 639 641 642 643 644 645 646 647 648 649 650 651 653 654 655 656 657 658 659 660 661 662 663 665 666 667 668 669 670 671 672 673 674 675
546 547 548 549 550 551 552 553 554 555 556 558 559 560 561 562 563 564 565 566 567 568 570 571 572 573 574 575 576 577 578 579 580 582 583 584 585 586 587 588 589 590 591 592 594 595 596 597 598 599 600 601 602 603 604 606 607 608 609 610 611 612 613 614 615 616 618 619 620 621 622 623 624 625 626 627 628 630 631 632 633 634 635 636 637 638 639 640 642 643 644 645 646 647 648 649 650 651 652 654 655 656 657 658 659 660 661 662 663 664 666 667 668 669 670 671 672 673 674 675 676
547 548 549 550 551 552 553 554 555 556 172 559 560 561 562 563 564 565 566 567 568 173 571 572 573 574 575 576 577 578 579 580 174 583 584 585 586 587 588 589 590 591 592 175 595 596 597 598 599 600 601 602 603 604 176 607 608 609 610 611 612 613 614 615 616 177 619 620 621 622 623 624 625 626 627 628 178 631 632 633 634 635 636 637 638 639 640 179 643 644 645 646 647 648 649 650 651 652 180 655 656 657 658 659 660 661 662 663 664 181 667 668 669 670 671 672 673 674 675 676 182
403 557 558 559 560 561 562 563 564 565 566 416 569 570 571 572 573 574 575 576 577 578 429 581 582 583 584 585 586 587 588 589 590 442 593 594 595 596 597 598 599 600 601 602 455 605 606 607 608 609 610 611 612 613 614 468 617 618 619 620 621 622 623 624 625 626 481 629 630 631 632 633 634 635 636 637 638 494 641 642 643 644 645 646 647 648 649 650 507 653 654 655 656 657 658 659 660 661 662 520 665 666 667 668 669 670 671 672 673 674 0 0 0 0 0 0 0 0 0 0 0
557 558 559 560 561 562 563 564 565 566 567 569 570 571 572 573 574 575 576 577 578 579 581 582 583 584 585 586 587 588 589 590 591 593 594 595 596 597 598 599 600 601 602 603 605 606 607 608 609 610 611 612 613 614 615 617 618 619 620 621 622 623 624 625 626 627 629 630 631 632 633 634 635 636 637 638 639 641 642 643 644 645 646 647 648 649 650 651 653 654 655 656 657 658 659 660 661 662 663 665 666 667 668 669 670 671 672 673 674 675 0 0 0 0 0 0 0 0 0 0 0
558 559 560 561 562 563 564 565 566 567 568 570 571 572 573 574 575 576 577 578 579 580 582 583 584 585 586 587 588 589 590 591 592 594 595 596 597 598 599 600 601 602 603 604 606 607 608 609 610 611 612 613 614 615 616 618 619 620 621 622 623 624 625 626 627 628 630 631 632 633 634 635 636 637 638 639 640 642 643 644 645 646 647 648 649 650 651 652 654 655 656 657 658 659 660 661 662 663 664 666 667 668 669 670 671 672 673 674 675 676 0 0 0 0 0 0 0 0 0 0 0
559 560 561 562 563 564 565 566 567 568 173 571 572 573 574 575 576 577 578 579 580 174 583 584 585 586 587 588 589 590 591 592 175 595 596 597 598 599 600 601 602 603 604 176 607 608 609 610 611 612 613 614 615 616 177 619 620 621 622 623 624 625 626 627 628 178 631 632 633 634 635 636 637 638 639 640 179 643 644 645 646 647 648 649 650 651 652 180 655 656 657 658 659 660 661 662 663 664 181 667 668 669 670 671 672 673 674 675 676 182 0 0 0 0 0 0 0 0 0 0 0
