0 0 0 0 0 0 0 0 0 0 1 2 3 4 5 6 7 8 0 12 13 14 15 16 17 18 19 0 23 24 25 26 27 28 29 30 0 34 35 36 37 38 39 40 41 0 45 46 47 48 49 50 51 52 0 56 57 58 59 60 61 62 63 0 67 68 69 70 71 72 73 74 0 78 79 80 81 82 83 84 85
0 0 0 0 0 0 0 0 0 1 2 3 4 5 6 7 8 9 12 13 14 15 16 17 18 19 20 23 24 25 26 27 28 29 30 31 34 35 36 37 38 39 40 41 42 45 46 47 48 49 50 51 52 53 56 57 58 59 60 61 62 63 64 67 68 69 70 71 72 73 74 75 78 79 80 81 82 83 84 85 86
0 0 0 0 0 0 0 0 0 2 3 4 5 6 7 8 9 10 13 14 15 16 17 18 19 20 21 24 25 26 27 28 29 30 31 32 35 36 37 38 39 40 41 42 43 46 47 48 49 50 51 52 53 54 57 58 59 60 61 62 63 64 65 68 69 70 71 72 73 74 75 76 79 80 81 82 83 84 85 86 87
0 0 0 0 0 0 0 0 0 3 4 5 6 7 8 9 10 11 14 15 16 17 18 19 20 21 22 25 26 27 28 29 30 31 32 33 36 37 38 39 40 41 42 43 44 47 48 49 50 51 52 53 54 55 58 59 60 61 62 63 64 65 66 69 70 71 72 73 74 75 76 77 80 81 82 83 84 85 86 87 88
0 1 2 3 4 5 6 7 8 0 12 13 14 15 16 17 18 19 0 23 24 25 26 27 28 29 30 0 34 35 36 37 38 39 40 41 0 45 46 47 48 49 50 51 52 0 56 57 58 59 60 61 62 63 0 67 68 69 70 71 72 73 74 0 78 79 80 81 82 83 84 85 0 89 90 91 92 93 94 95 96
1 2 3 4 5 6 7 8 9 12 13 14 15 16 17 18 19 20 23 24 25 26 27 28 29 30 31 34 35 36 37 38 39 40 41 42 45 46 47 48 49 50 51 52 53 56 57 58 59 60 61 62 63 64 67 68 69 70 71 72 73 74 75 78 79 80 81 82 83 84 85 86 89 90 91 92 93 94 95 96 97
2 3 4 5 6 7 8 9 10 13 14 15 16 17 18 19 20 21 24 25 26 27 28 29 30 31 32 35 36 37 38 39 40 41 42 43 46 47 48 49 50 51 52 53 54 57 58 59 60 61 62 63 64 65 68 69 70 71 72 73 74 75 76 79 80 81 82 83 84 85 86 87 90 91 92 93 94 95 96 97 98
3 4 5 6 7 8 9 10 11 14 15 16 17 18 19 20 21 22 25 26 27 28 29 30 31 32 33 36 37 38 39 40 41 42 43 44 47 48 49 50 51 52 53 54 55 58 59 60 61 62 63 64 65 66 69 70 71 72 73 74 75 76 77 80 81 82 83 84 85 86 87 88 91 92 93 94 95 96 97 98 99
0 12 13 14 15 16 17 18 19 0 23 24 25 26 27 28 29 30 0 34 35 36 37 38 39 40 41 0 45 46 47 48 49 50 51 52 0 56 57 58 59 60 61 62 63 0 67 68 69 70 71 72 73 74 0 78 79 80 81 82 83 84 85 0 89 90 91 92 93 94 95 96 0 100 101 102 103 104 105 106 107
12 13 14 15 16 17 18 19 20 23 24 25 26 27 28 29 30 31 34 35 36 37 38 39 40 41 42 45 46 47 48 49 50 51 52 53 56 57 58 59 60 61 62 63 64 67 68 69 70 71 72 73 74 75 78 79 80 81 82 83 84 85 86 89 90 91 92 93 94 95 96 97 100 101 102 103 104 105 106 107 108
13 14 15 16 17 18 19 20 21 24 25 26 27 28 29 30 31 32 35 36 37 38 39 40 41 42 43 46 47 48 49 50 51 52 53 54 57 58 59 60 61 62 63 64 65 68 69 70 71 72 73 74 75 76 79 80 81 82 83 84 85 86 87 90 91 92 93 94 95 96 97 98 101 102 103 104 105 106 107 108 109
14 15 16 17 18 19 20 21 22 25 26 27 28 29 30 31 32 33 36 37 38 39 40 41 42 43 44 47 48 49 50 51 52 53 54 55 58 59 60 61 62 63 64 65 66 69 70 71 72 73 74 75 76 77 80 81 82 83 84 85 86 87 88 91 92 93 94 95 96 97 98 99 102 103 104 105 106 107 108 109 110
0 23 24 25 26 27 28 29 30 0 34 35 36 37 38 39 40 41 0 45 46 47 48 49 50 51 52 0 56 57 58 59 60 61 62 63 0 67 68 69 70 71 72 73 74 0 78 79 80 81 82 83 84 85 0 89 90 91 92 93 94 95 96 0 100 101 102 103 104 105 106 107 0 111 112 113 114 115 116 117 118
23 24 25 26 27 28 29 30 31 34 35 36 37 38 39 40 41 42 45 46 47 48 49 50 51 52 53 56 57 58 59 60 61 62 63 64 67 68 69 70 71 72 73 74 75 78 79 80 81 82 83 84 85 86 89 90 91 92 93 94 95 96 97 100 101 102 103 104 105 106 107 108 111 112 113 114 115 116 117 118 119
24 25 26 27 28 29 30 31 32 35 36 37 38 39 40 41 42 43 46 47 48 49 50 51 52 53 54 57 58 59 60 61 62 63 64 65 68 69 70 71 72 73 74 75 76 79 80 81 82 83 84 85 86 87 90 91 92 93 94 95 96 97 98 101 102 103 104 105 106 107 108 109 112 113 114 115 116 117 118 119 120
25 26 27 28 29 30 31 32 33 36 37 38 39 40 41 42 43 44 47 48 49 50 51 52 53 54 55 58 59 60 61 62 63 64 65 66 69 70 71 72 73 74 75 76 77 80 81 82 83 84 85 86 87 88 91 92 93 94 95 96 97 98 99 102 103 104 105 106 107 108 109 110 113 114 115 116 117 118 119 120 121
