# degree
2, 1
# shape
9, 2
# rational
1
# knots
 0.    0.    0.    0.25  0.25  0.5   0.5   0.75  0.75  1.    1.    1.  
# knots
 0.  0.  1.  1.
# points
 0.  -0.5  0. 
 0. -1.  0.
-0.5 -0.5  0. 
-1. -1.  0.
-0.5  0.   0. 
-1.  0.  0.
-0.5  0.5  0. 
-1.  1.  0.
 0.   0.5  0. 
 0.  1.  0.
 0.5  0.5  0. 
 1.  1.  0.
 0.5  0.   0. 
 1.  0.  0.
 0.5 -0.5  0. 
 1. -1.  0.
 0.  -0.5  0. 
 0. -1.  0.
# weights
1.0
1.0
0.707106781187
0.707106781187
1.0
1.0
0.707106781187
0.707106781187
1.0
1.0
0.707106781187
0.707106781187
1.0
1.0
0.707106781187
0.707106781187
1.0
1.0
