# degree
2, 2
# shape
3, 3
# rational
1
# knots
 0.  0.  0.  1.  1.  1.
# knots
 0.  0.  0.  1.  1.  1.
# points
  5.00000000e-01  -3.06161700e-17   0.00000000e+00
  7.50000000e-01  -4.59242550e-17   0.00000000e+00
  1.00000000e+00  -6.12323400e-17   0.00000000e+00
 0.5 -0.5  0. 
 0.75 -0.75  0.  
 1. -1.  0.
 -3.06161700e-17  -5.00000000e-01   0.00000000e+00
 -4.59242550e-17  -7.50000000e-01   0.00000000e+00
 -6.12323400e-17  -1.00000000e+00   0.00000000e+00
# weights
1.0
1.0
1.0
0.707106781187
0.707106781187
0.707106781187
1.0
1.0
1.0
