0 0 0 0 0 0 0 0 0 0 0 13 157 158 159 160 161 162 163 164 165 166 26 169 170 171 172 173 174 175 176 177 178 39 181 182 183 184 185 186 187 188 189 190 52 193 194 195 196 197 198 199 200 201 202 65 205 206 207 208 209 210 211 212 213 214 78 217 218 219 220 221 222 223 224 225 226 91 229 230 231 232 233 234 235 236 237 238 104 241 242 243 244 245 246 247 248 249 250 117 253 254 255 256 257 258 259 260 261 262 130 265 266 267 268 269 270 271 272 273 274
0 0 0 0 0 0 0 0 0 0 0 157 158 159 160 161 162 163 164 165 166 167 169 170 171 172 173 174 175 176 177 178 179 181 182 183 184 185 186 187 188 189 190 191 193 194 195 196 197 198 199 200 201 202 203 205 206 207 208 209 210 211 212 213 214 215 217 218 219 220 221 222 223 224 225 226 227 229 230 231 232 233 234 235 236 237 238 239 241 242 243 244 245 246 247 248 249 250 251 253 254 255 256 257 258 259 260 261 262 263 265 266 267 268 269 270 271 272 273 274 275
0 0 0 0 0 0 0 0 0 0 0 158 159 160 161 162 163 164 165 166 167 168 170 171 172 173 174 175 176 177 178 179 180 182 183 184 185 186 187 188 189 190 191 192 194 195 196 197 198 199 200 201 202 203 204 206 207 208 209 210 211 212 213 214 215 216 218 219 220 221 222 223 224 225 226 227 228 230 231 232 233 234 235 236 237 238 239 240 242 243 244 245 246 247 248 249 250 251 252 254 255 256 257 258 259 260 261 262 263 264 266 267 268 269 270 271 272 273 274 275 276
0 0 0 0 0 0 0 0 0 0 0 159 160 161 162 163 164 165 166 167 168 0 171 172 173 174 175 176 177 178 179 180 0 183 184 185 186 187 188 189 190 191 192 0 195 196 197 198 199 200 201 202 203 204 0 207 208 209 210 211 212 213 214 215 216 0 219 220 221 222 223 224 225 226 227 228 0 231 232 233 234 235 236 237 238 239 240 0 243 244 245 246 247 248 249 250 251 252 0 255 256 257 258 259 260 261 262 263 264 0 267 268 269 270 271 272 273 274 275 276 0
13 157 158 159 160 161 162 163 164 165 166 26 169 170 171 172 173 174 175 176 177 178 39 181 182 183 184 185 186 187 188 189 190 52 193 194 195 196 197 198 199 200 201 202 65 205 206 207 208 209 210 211 212 213 214 78 217 218 219 220 221 222 223 224 225 226 91 229 230 231 232 233 234 235 236 237 238 104 241 242 243 244 245 246 247 248 249 250 117 253 254 255 256 257 258 259 260 261 262 130 265 266 267 268 269 270 271 272 273 274 143 277 278 279 280 281 282 283 284 285 286
157 158 159 160 161 162 163 164 165 166 167 169 170 171 172 173 174 175 176 177 178 179 181 182 183 184 185 186 187 188 189 190 191 193 194 195 196 197 198 199 200 201 202 203 205 206 207 208 209 210 211 212 213 214 215 217 218 219 220 221 222 223 224 225 226 227 229 230 231 232 233 234 235 236 237 238 239 241 242 243 244 245 246 247 248 249 250 251 253 254 255 256 257 258 259 260 261 262 263 265 266 267 268 269 270 271 272 273 274 275 277 278 279 280 281 282 283 284 285 286 287
158 159 160 161 162 163 164 165 166 167 168 170 171 172 173 174 175 176 177 178 179 180 182 183 184 185 186 187 188 189 190 191 192 194 195 196 197 198 199 200 201 202 203 204 206 207 208 209 210 211 212 213 214 215 216 218 219 220 221 222 223 224 225 226 227 228 230 231 232 233 234 235 236 237 238 239 240 242 243 244 245 246 247 248 249 250 251 252 254 255 256 257 258 259 260 261 262 263 264 266 267 268 269 270 271 272 273 274 275 276 278 279 280 281 282 283 284 285 286 287 288
159 160 161 162 163 164 165 166 167 168 0 171 172 173 174 175 176 177 178 179 180 0 183 184 185 186 187 188 189 190 191 192 0 195 196 197 198 199 200 201 202 203 204 0 207 208 209 210 211 212 213 214 215 216 0 219 220 221 222 223 224 225 226 227 228 0 231 232 233 234 235 236 237 238 239 240 0 243 244 245 246 247 248 249 250 251 252 0 255 256 257 258 259 260 261 262 263 264 0 267 268 269 270 271 272 273 274 275 276 0 279 280 281 282 283 284 285 286 287 288 0
26 169 170 171 172 173 174 175 176 177 178 39 181 182 183 184 185 186 187 188 189 190 52 193 194 195 196 197 198 199 200 201 202 65 205 206 207 208 209 210 211 212 213 214 78 217 218 219 220 221 222 223 224 225 226 91 229 230 231 232 233 234 235 236 237 238 104 241 242 243 244 245 246 247 248 249 250 117 253 254 255 256 257 258 259 260 261 262 130 265 266 267 268 269 270 271 272 273 274 143 277 278 279 280 281 282 283 284 285 286 156 289 290 291 292 293 294 295 296 297 298
169 170 171 172 173 174 175 176 177 178 179 181 182 183 184 185 186 187 188 189 190 191 193 194 195 196 197 198 199 200 201 202 203 205 206 207 208 209 210 211 212 213 214 215 217 218 219 220 221 222 223 224 225 226 227 229 230 231 232 233 234 235 236 237 238 239 241 242 243 244 245 246 247 248 249 250 251 253 254 255 256 257 258 259 260 261 262 263 265 266 267 268 269 270 271 272 273 274 275 277 278 279 280 281 282 283 284 285 286 287 289 290 291 292 293 294 295 296 297 298 299
170 171 172 173 174 175 176 177 178 179 180 182 183 184 185 186 187 188 189 190 191 192 194 195 196 197 198 199 200 201 202 203 204 206 207 208 209 210 211 212 213 214 215 216 218 219 220 221 222 223 224 225 226 227 228 230 231 232 233 234 235 236 237 238 239 240 242 243 244 245 246 247 248 249 250 251 252 254 255 256 257 258 259 260 261 262 263 264 266 267 268 269 270 271 272 273 274 275 276 278 279 280 281 282 283 284 285 286 287 288 290 291 292 293 294 295 296 297 298 299 300
171 172 173 174 175 176 177 178 179 180 0 183 184 185 186 187 188 189 190 191 192 0 195 196 197 198 199 200 201 202 203 204 0 207 208 209 210 211 212 213 214 215 216 0 219 220 221 222 223 224 225 226 227 228 0 231 232 233 234 235 236 237 238 239 240 0 243 244 245 246 247 248 249 250 251 252 0 255 256 257 258 259 260 261 262 263 264 0 267 268 269 270 271 272 273 274 275 276 0 279 280 281 282 283 284 285 286 287 288 0 291 292 293 294 295 296 297 298 299 300 0
39 181 182 183 184 185 186 187 188 189 190 52 193 194 195 196 197 198 199 200 201 202 65 205 206 207 208 209 210 211 212 213 214 78 217 218 219 220 221 222 223 224 225 226 91 229 230 231 232 233 234 235 236 237 238 104 241 242 243 244 245 246 247 248 249 250 117 253 254 255 256 257 258 259 260 261 262 130 265 266 267 268 269 270 271 272 273 274 143 277 278 279 280 281 282 283 284 285 286 156 289 290 291 292 293 294 295 296 297 298 0 0 0 0 0 0 0 0 0 0 0
181 182 183 184 185 186 187 188 189 190 191 193 194 195 196 197 198 199 200 201 202 203 205 206 207 208 209 210 211 212 213 214 215 217 218 219 220 221 222 223 224 225 226 227 229 230 231 232 233 234 235 236 237 238 239 241 242 243 244 245 246 247 248 249 250 251 253 254 255 256 257 258 259 260 261 262 263 265 266 267 268 269 270 271 272 273 274 275 277 278 279 280 281 282 283 284 285 286 287 289 290 291 292 293 294 295 296 297 298 299 0 0 0 0 0 0 0 0 0 0 0
182 183 184 185 186 187 188 189 190 191 192 194 195 196 197 198 199 200 201 202 203 204 206 207 208 209 210 211 212 213 214 215 216 218 219 220 221 222 223 224 225 226 227 228 230 231 232 233 234 235 236 237 238 239 240 242 243 244 245 246 247 248 249 250 251 252 254 255 256 257 258 259 260 261 262 263 264 266 267 268 269 270 271 272 273 274 275 276 278 279 280 281 282 283 284 285 286 287 288 290 291 292 293 294 295 296 297 298 299 300 0 0 0 0 0 0 0 0 0 0 0
183 184 185 186 187 188 189 190 191 192 0 195 196 197 198 199 200 201 202 203 204 0 207 208 209 210 211 212 213 214 215 216 0 219 220 221 222 223 224 225 226 227 228 0 231 232 233 234 235 236 237 238 239 240 0 243 244 245 246 247 248 249 250 251 252 0 255 256 257 258 259 260 261 262 263 264 0 267 268 269 270 271 272 273 274 275 276 0 279 280 281 282 283 284 285 286 287 288 0 291 292 293 294 295 296 297 298 299 300 0 0 0 0 0 0 0 0 0 0 0 0
