# degree
3, 3
# shape
6, 6
# rational
0
# knots
 0.          0.          0.          0.          0.33333333  0.66666667
  1.          1.          1.          1.        
# knots
 0.          0.          0.          0.          0.33333333  0.66666667
  1.          1.          1.          1.        
# points
 1.  0.  0.
 1.          0.11111111  0.        
 1.          0.33333333  0.        
 1.          0.66666667  0.        
 1.          0.88888889  0.        
 1.  1.  0.
 1.11111111  0.          0.        
 1.11111111  0.11111111  0.        
 1.11111111  0.33333333  0.        
 1.11111111  0.66666667  0.        
 1.11111111  0.88888889  0.        
 1.11111111  1.          0.        
 1.33333333  0.          0.        
 1.33333333  0.11111111  0.        
 1.33333333  0.33333333  0.        
 1.33333333  0.66666667  0.        
 1.33333333  0.88888889  0.        
 1.33333333  1.          0.        
 1.66666667  0.          0.        
 1.66666667  0.11111111  0.        
 1.66666667  0.33333333  0.        
 1.66666667  0.66666667  0.        
 1.66666667  0.88888889  0.        
 1.66666667  1.          0.        
 1.88888889  0.          0.        
 1.88888889  0.11111111  0.        
 1.88888889  0.33333333  0.        
 1.88888889  0.66666667  0.        
 1.88888889  0.88888889  0.        
 1.88888889  1.          0.        
 2.  0.  0.
 2.          0.11111111  0.        
 2.          0.33333333  0.        
 2.          0.66666667  0.        
 2.          0.88888889  0.        
 2.  1.  0.
# weights
1.0
1.0
1.0
1.0
1.0
1.0
1.0
1.0
1.0
1.0
1.0
1.0
1.0
1.0
1.0
1.0
1.0
1.0
1.0
1.0
1.0
1.0
1.0
1.0
1.0
1.0
1.0
1.0
1.0
1.0
1.0
1.0
1.0
1.0
1.0
1.0
