# degree
2, 2
# shape
3, 3
# rational
1
# knots
 0.  0.  0.  1.  1.  1.
# knots
 0.  0.  0.  1.  1.  1.
# points
  9.18485099e-17   5.00000000e-01   0.00000000e+00
  1.37772765e-16   7.50000000e-01   0.00000000e+00
  1.83697020e-16   1.00000000e+00   0.00000000e+00
-0.5  0.5  0. 
-0.75  0.75  0.  
-1.  1.  0.
 -5.00000000e-01   9.18485099e-17   0.00000000e+00
 -7.50000000e-01   1.37772765e-16   0.00000000e+00
 -1.00000000e+00   1.83697020e-16   0.00000000e+00
# weights
1.0
1.0
1.0
0.707106781187
0.707106781187
0.707106781187
1.0
1.0
1.0
