0 1 2 3 4 5 6 7 8 12 13 14 15 16 17 18 19 20 24 25 26 27 28 29 30 31 32 36 37 38 39 40 41 42 43 44 48 49 50 51 52 53 54 55 56 60 61 62 63 64 65 66 67 68 72 73 74 75 76 77 78 79 80 84 85 86 87 88 89 90 91 92 96 97 98 99 100 101 102 103 104
1 2 3 4 5 6 7 8 9 13 14 15 16 17 18 19 20 21 25 26 27 28 29 30 31 32 33 37 38 39 40 41 42 43 44 45 49 50 51 52 53 54 55 56 57 61 62 63 64 65 66 67 68 69 73 74 75 76 77 78 79 80 81 85 86 87 88 89 90 91 92 93 97 98 99 100 101 102 103 104 105
2 3 4 5 6 7 8 9 10 14 15 16 17 18 19 20 21 22 26 27 28 29 30 31 32 33 34 38 39 40 41 42 43 44 45 46 50 51 52 53 54 55 56 57 58 62 63 64 65 66 67 68 69 70 74 75 76 77 78 79 80 81 82 86 87 88 89 90 91 92 93 94 98 99 100 101 102 103 104 105 106
3 4 5 6 7 8 9 10 11 15 16 17 18 19 20 21 22 23 27 28 29 30 31 32 33 34 35 39 40 41 42 43 44 45 46 47 51 52 53 54 55 56 57 58 59 63 64 65 66 67 68 69 70 71 75 76 77 78 79 80 81 82 83 87 88 89 90 91 92 93 94 95 99 100 101 102 103 104 105 106 107
12 13 14 15 16 17 18 19 20 24 25 26 27 28 29 30 31 32 36 37 38 39 40 41 42 43 44 48 49 50 51 52 53 54 55 56 60 61 62 63 64 65 66 67 68 72 73 74 75 76 77 78 79 80 84 85 86 87 88 89 90 91 92 96 97 98 99 100 101 102 103 104 108 109 110 111 112 113 114 115 116
13 14 15 16 17 18 19 20 21 25 26 27 28 29 30 31 32 33 37 38 39 40 41 42 43 44 45 49 50 51 52 53 54 55 56 57 61 62 63 64 65 66 67 68 69 73 74 75 76 77 78 79 80 81 85 86 87 88 89 90 91 92 93 97 98 99 100 101 102 103 104 105 109 110 111 112 113 114 115 116 117
14 15 16 17 18 19 20 21 22 26 27 28 29 30 31 32 33 34 38 39 40 41 42 43 44 45 46 50 51 52 53 54 55 56 57 58 62 63 64 65 66 67 68 69 70 74 75 76 77 78 79 80 81 82 86 87 88 89 90 91 92 93 94 98 99 100 101 102 103 104 105 106 110 111 112 113 114 115 116 117 118
15 16 17 18 19 20 21 22 23 27 28 29 30 31 32 33 34 35 39 40 41 42 43 44 45 46 47 51 52 53 54 55 56 57 58 59 63 64 65 66 67 68 69 70 71 75 76 77 78 79 80 81 82 83 87 88 89 90 91 92 93 94 95 99 100 101 102 103 104 105 106 107 111 112 113 114 115 116 117 118 119
24 25 26 27 28 29 30 31 32 36 37 38 39 40 41 42 43 44 48 49 50 51 52 53 54 55 56 60 61 62 63 64 65 66 67 68 72 73 74 75 76 77 78 79 80 84 85 86 87 88 89 90 91 92 96 97 98 99 100 101 102 103 104 108 109 110 111 112 113 114 115 116 120 121 122 123 124 125 126 127 128
25 26 27 28 29 30 31 32 33 37 38 39 40 41 42 43 44 45 49 50 51 52 53 54 55 56 57 61 62 63 64 65 66 67 68 69 73 74 75 76 77 78 79 80 81 85 86 87 88 89 90 91 92 93 97 98 99 100 101 102 103 104 105 109 110 111 112 113 114 115 116 117 121 122 123 124 125 126 127 128 129
26 27 28 29 30 31 32 33 34 38 39 40 41 42 43 44 45 46 50 51 52 53 54 55 56 57 58 62 63 64 65 66 67 68 69 70 74 75 76 77 78 79 80 81 82 86 87 88 89 90 91 92 93 94 98 99 100 101 102 103 104 105 106 110 111 112 113 114 115 116 117 118 122 123 124 125 126 127 128 129 130
27 28 29 30 31 32 33 34 35 39 40 41 42 43 44 45 46 47 51 52 53 54 55 56 57 58 59 63 64 65 66 67 68 69 70 71 75 76 77 78 79 80 81 82 83 87 88 89 90 91 92 93 94 95 99 100 101 102 103 104 105 106 107 111 112 113 114 115 116 117 118 119 123 124 125 126 127 128 129 130 131
36 37 38 39 40 41 42 43 44 48 49 50 51 52 53 54 55 56 60 61 62 63 64 65 66 67 68 72 73 74 75 76 77 78 79 80 84 85 86 87 88 89 90 91 92 96 97 98 99 100 101 102 103 104 108 109 110 111 112 113 114 115 116 120 121 122 123 124 125 126 127 128 132 133 134 135 136 137 138 139 140
37 38 39 40 41 42 43 44 45 49 50 51 52 53 54 55 56 57 61 62 63 64 65 66 67 68 69 73 74 75 76 77 78 79 80 81 85 86 87 88 89 90 91 92 93 97 98 99 100 101 102 103 104 105 109 110 111 112 113 114 115 116 117 121 122 123 124 125 126 127 128 129 133 134 135 136 137 138 139 140 141
38 39 40 41 42 43 44 45 46 50 51 52 53 54 55 56 57 58 62 63 64 65 66 67 68 69 70 74 75 76 77 78 79 80 81 82 86 87 88 89 90 91 92 93 94 98 99 100 101 102 103 104 105 106 110 111 112 113 114 115 116 117 118 122 123 124 125 126 127 128 129 130 134 135 136 137 138 139 140 141 142
39 40 41 42 43 44 45 46 47 51 52 53 54 55 56 57 58 59 63 64 65 66 67 68 69 70 71 75 76 77 78 79 80 81 82 83 87 88 89 90 91 92 93 94 95 99 100 101 102 103 104 105 106 107 111 112 113 114 115 116 117 118 119 123 124 125 126 127 128 129 130 131 135 136 137 138 139 140 141 142 143
