0 0 0 0 0 0 0 0 0 122 123 124 125 126 127 128 129 130 133 134 135 136 137 138 139 140 141 144 145 146 147 148 149 150 151 152 155 156 157 158 159 160 161 162 163 166 167 168 169 170 171 172 173 174 177 178 179 180 181 182 183 184 185 188 189 190 191 192 193 194 195 196 199 200 201 202 203 204 205 206 207
0 0 0 0 0 0 0 0 0 123 124 125 126 127 128 129 130 131 134 135 136 137 138 139 140 141 142 145 146 147 148 149 150 151 152 153 156 157 158 159 160 161 162 163 164 167 168 169 170 171 172 173 174 175 178 179 180 181 182 183 184 185 186 189 190 191 192 193 194 195 196 197 200 201 202 203 204 205 206 207 208
0 0 0 0 0 0 0 0 0 124 125 126 127 128 129 130 131 132 135 136 137 138 139 140 141 142 143 146 147 148 149 150 151 152 153 154 157 158 159 160 161 162 163 164 165 168 169 170 171 172 173 174 175 176 179 180 181 182 183 184 185 186 187 190 191 192 193 194 195 196 197 198 201 202 203 204 205 206 207 208 209
0 0 0 0 0 0 0 0 0 125 126 127 128 129 130 131 132 0 136 137 138 139 140 141 142 143 0 147 148 149 150 151 152 153 154 0 158 159 160 161 162 163 164 165 0 169 170 171 172 173 174 175 176 0 180 181 182 183 184 185 186 187 0 191 192 193 194 195 196 197 198 0 202 203 204 205 206 207 208 209 0
122 123 124 125 126 127 128 129 130 133 134 135 136 137 138 139 140 141 144 145 146 147 148 149 150 151 152 155 156 157 158 159 160 161 162 163 166 167 168 169 170 171 172 173 174 177 178 179 180 181 182 183 184 185 188 189 190 191 192 193 194 195 196 199 200 201 202 203 204 205 206 207 210 211 212 213 214 215 216 217 218
123 124 125 126 127 128 129 130 131 134 135 136 137 138 139 140 141 142 145 146 147 148 149 150 151 152 153 156 157 158 159 160 161 162 163 164 167 168 169 170 171 172 173 174 175 178 179 180 181 182 183 184 185 186 189 190 191 192 193 194 195 196 197 200 201 202 203 204 205 206 207 208 211 212 213 214 215 216 217 218 219
124 125 126 127 128 129 130 131 132 135 136 137 138 139 140 141 142 143 146 147 148 149 150 151 152 153 154 157 158 159 160 161 162 163 164 165 168 169 170 171 172 173 174 175 176 179 180 181 182 183 184 185 186 187 190 191 192 193 194 195 196 197 198 201 202 203 204 205 206 207 208 209 212 213 214 215 216 217 218 219 220
125 126 127 128 129 130 131 132 0 136 137 138 139 140 141 142 143 0 147 148 149 150 151 152 153 154 0 158 159 160 161 162 163 164 165 0 169 170 171 172 173 174 175 176 0 180 181 182 183 184 185 186 187 0 191 192 193 194 195 196 197 198 0 202 203 204 205 206 207 208 209 0 213 214 215 216 217 218 219 220 0
133 134 135 136 137 138 139 140 141 144 145 146 147 148 149 150 151 152 155 156 157 158 159 160 161 162 163 166 167 168 169 170 171 172 173 174 177 178 179 180 181 182 183 184 185 188 189 190 191 192 193 194 195 196 199 200 201 202 203 204 205 206 207 210 211 212 213 214 215 216 217 218 221 222 223 224 225 226 227 228 229
134 135 136 137 138 139 140 141 142 145 146 147 148 149 150 151 152 153 156 157 158 159 160 161 162 163 164 167 168 169 170 171 172 173 174 175 178 179 180 181 182 183 184 185 186 189 190 191 192 193 194 195 196 197 200 201 202 203 204 205 206 207 208 211 212 213 214 215 216 217 218 219 222 223 224 225 226 227 228 229 230
135 136 137 138 139 140 141 142 143 146 147 148 149 150 151 152 153 154 157 158 159 160 161 162 163 164 165 168 169 170 171 172 173 174 175 176 179 180 181 182 183 184 185 186 187 190 191 192 193 194 195 196 197 198 201 202 203 204 205 206 207 208 209 212 213 214 215 216 217 218 219 220 223 224 225 226 227 228 229 230 231
136 137 138 139 140 141 142 143 0 147 148 149 150 151 152 153 154 0 158 159 160 161 162 163 164 165 0 169 170 171 172 173 174 175 176 0 180 181 182 183 184 185 186 187 0 191 192 193 194 195 196 197 198 0 202 203 204 205 206 207 208 209 0 213 214 215 216 217 218 219 220 0 224 225 226 227 228 229 230 231 0
144 145 146 147 148 149 150 151 152 155 156 157 158 159 160 161 162 163 166 167 168 169 170 171 172 173 174 177 178 179 180 181 182 183 184 185 188 189 190 191 192 193 194 195 196 199 200 201 202 203 204 205 206 207 210 211 212 213 214 215 216 217 218 221 222 223 224 225 226 227 228 229 232 233 234 235 236 237 238 239 240
145 146 147 148 149 150 151 152 153 156 157 158 159 160 161 162 163 164 167 168 169 170 171 172 173 174 175 178 179 180 181 182 183 184 185 186 189 190 191 192 193 194 195 196 197 200 201 202 203 204 205 206 207 208 211 212 213 214 215 216 217 218 219 222 223 224 225 226 227 228 229 230 233 234 235 236 237 238 239 240 241
146 147 148 149 150 151 152 153 154 157 158 159 160 161 162 163 164 165 168 169 170 171 172 173 174 175 176 179 180 181 182 183 184 185 186 187 190 191 192 193 194 195 196 197 198 201 202 203 204 205 206 207 208 209 212 213 214 215 216 217 218 219 220 223 224 225 226 227 228 229 230 231 234 235 236 237 238 239 240 241 242
147 148 149 150 151 152 153 154 0 158 159 160 161 162 163 164 165 0 169 170 171 172 173 174 175 176 0 180 181 182 183 184 185 186 187 0 191 192 193 194 195 196 197 198 0 202 203 204 205 206 207 208 209 0 213 214 215 216 217 218 219 220 0 224 225 226 227 228 229 230 231 0 235 236 237 238 239 240 241 242 0
