0 243 244 245 246 247 248 249 250 0 254 255 256 257 258 259 260 261 0 265 266 267 268 269 270 271 272 0 276 277 278 279 280 281 282 283 0 287 288 289 290 291 292 293 294 0 298 299 300 301 302 303 304 305 0 309 310 311 312 313 314 315 316 0 320 321 322 323 324 325 326 327 0 331 332 333 334 335 336 337 338
243 244 245 246 247 248 249 250 251 254 255 256 257 258 259 260 261 262 265 266 267 268 269 270 271 272 273 276 277 278 279 280 281 282 283 284 287 288 289 290 291 292 293 294 295 298 299 300 301 302 303 304 305 306 309 310 311 312 313 314 315 316 317 320 321 322 323 324 325 326 327 328 331 332 333 334 335 336 337 338 339
244 245 246 247 248 249 250 251 252 255 256 257 258 259 260 261 262 263 266 267 268 269 270 271 272 273 274 277 278 279 280 281 282 283 284 285 288 289 290 291 292 293 294 295 296 299 300 301 302 303 304 305 306 307 310 311 312 313 314 315 316 317 318 321 322 323 324 325 326 327 328 329 332 333 334 335 336 337 338 339 340
245 246 247 248 249 250 251 252 253 256 257 258 259 260 261 262 263 264 267 268 269 270 271 272 273 274 275 278 279 280 281 282 283 284 285 286 289 290 291 292 293 294 295 296 297 300 301 302 303 304 305 306 307 308 311 312 313 314 315 316 317 318 319 322 323 324 325 326 327 328 329 330 333 334 335 336 337 338 339 340 341
0 254 255 256 257 258 259 260 261 0 265 266 267 268 269 270 271 272 0 276 277 278 279 280 281 282 283 0 287 288 289 290 291 292 293 294 0 298 299 300 301 302 303 304 305 0 309 310 311 312 313 314 315 316 0 320 321 322 323 324 325 326 327 0 331 332 333 334 335 336 337 338 0 342 343 344 345 346 347 348 349
254 255 256 257 258 259 260 261 262 265 266 267 268 269 270 271 272 273 276 277 278 279 280 281 282 283 284 287 288 289 290 291 292 293 294 295 298 299 300 301 302 303 304 305 306 309 310 311 312 313 314 315 316 317 320 321 322 323 324 325 326 327 328 331 332 333 334 335 336 337 338 339 342 343 344 345 346 347 348 349 350
255 256 257 258 259 260 261 262 263 266 267 268 269 270 271 272 273 274 277 278 279 280 281 282 283 284 285 288 289 290 291 292 293 294 295 296 299 300 301 302 303 304 305 306 307 310 311 312 313 314 315 316 317 318 321 322 323 324 325 326 327 328 329 332 333 334 335 336 337 338 339 340 343 344 345 346 347 348 349 350 351
256 257 258 259 260 261 262 263 264 267 268 269 270 271 272 273 274 275 278 279 280 281 282 283 284 285 286 289 290 291 292 293 294 295 296 297 300 301 302 303 304 305 306 307 308 311 312 313 314 315 316 317 318 319 322 323 324 325 326 327 328 329 330 333 334 335 336 337 338 339 340 341 344 345 346 347 348 349 350 351 352
0 265 266 267 268 269 270 271 272 0 276 277 278 279 280 281 282 283 0 287 288 289 290 291 292 293 294 0 298 299 300 301 302 303 304 305 0 309 310 311 312 313 314 315 316 0 320 321 322 323 324 325 326 327 0 331 332 333 334 335 336 337 338 0 342 343 344 345 346 347 348 349 0 353 354 355 356 357 358 359 360
265 266 267 268 269 270 271 272 273 276 277 278 279 280 281 282 283 284 287 288 289 290 291 292 293 294 295 298 299 300 301 302 303 304 305 306 309 310 311 312 313 314 315 316 317 320 321 322 323 324 325 326 327 328 331 332 333 334 335 336 337 338 339 342 343 344 345 346 347 348 349 350 353 354 355 356 357 358 359 360 361
266 267 268 269 270 271 272 273 274 277 278 279 280 281 282 283 284 285 288 289 290 291 292 293 294 295 296 299 300 301 302 303 304 305 306 307 310 311 312 313 314 315 316 317 318 321 322 323 324 325 326 327 328 329 332 333 334 335 336 337 338 339 340 343 344 345 346 347 348 349 350 351 354 355 356 357 358 359 360 361 362
267 268 269 270 271 272 273 274 275 278 279 280 281 282 283 284 285 286 289 290 291 292 293 294 295 296 297 300 301 302 303 304 305 306 307 308 311 312 313 314 315 316 317 318 319 322 323 324 325 326 327 328 329 330 333 334 335 336 337 338 339 340 341 344 345 346 347 348 349 350 351 352 355 356 357 358 359 360 361 362 363
0 276 277 278 279 280 281 282 283 0 287 288 289 290 291 292 293 294 0 298 299 300 301 302 303 304 305 0 309 310 311 312 313 314 315 316 0 320 321 322 323 324 325 326 327 0 331 332 333 334 335 336 337 338 0 342 343 344 345 346 347 348 349 0 353 354 355 356 357 358 359 360 0 0 0 0 0 0 0 0 0
276 277 278 279 280 281 282 283 284 287 288 289 290 291 292 293 294 295 298 299 300 301 302 303 304 305 306 309 310 311 312 313 314 315 316 317 320 321 322 323 324 325 326 327 328 331 332 333 334 335 336 337 338 339 342 343 344 345 346 347 348 349 350 353 354 355 356 357 358 359 360 361 0 0 0 0 0 0 0 0 0
277 278 279 280 281 282 283 284 285 288 289 290 291 292 293 294 295 296 299 300 301 302 303 304 305 306 307 310 311 312 313 314 315 316 317 318 321 322 323 324 325 326 327 328 329 332 333 334 335 336 337 338 339 340 343 344 345 346 347 348 349 350 351 354 355 356 357 358 359 360 361 362 0 0 0 0 0 0 0 0 0
278 279 280 281 282 283 284 285 286 289 290 291 292 293 294 295 296 297 300 301 302 303 304 305 306 307 308 311 312 313 314 315 316 317 318 319 322 323 324 325 326 327 328 329 330 333 334 335 336 337 338 339 340 341 344 345 346 347 348 349 350 351 352 355 356 357 358 359 360 361 362 363 0 0 0 0 0 0 0 0 0
