364 365 366 367 368 369 370 371 372 375 376 377 378 379 380 381 382 383 386 387 388 389 390 391 392 393 394 397 398 399 400 401 402 403 404 405 408 409 410 411 412 413 414 415 416 419 420 421 422 423 424 425 426 427 430 431 432 433 434 435 436 437 438 441 442 443 444 445 446 447 448 449 452 453 454 455 456 457 458 459 460
365 366 367 368 369 370 371 372 373 376 377 378 379 380 381 382 383 384 387 388 389 390 391 392 393 394 395 398 399 400 401 402 403 404 405 406 409 410 411 412 413 414 415 416 417 420 421 422 423 424 425 426 427 428 431 432 433 434 435 436 437 438 439 442 443 444 445 446 447 448 449 450 453 454 455 456 457 458 459 460 461
366 367 368 369 370 371 372 373 374 377 378 379 380 381 382 383 384 385 388 389 390 391 392 393 394 395 396 399 400 401 402 403 404 405 406 407 410 411 412 413 414 415 416 417 418 421 422 423 424 425 426 427 428 429 432 433 434 435 436 437 438 439 440 443 444 445 446 447 448 449 450 451 454 455 456 457 458 459 460 461 462
367 368 369 370 371 372 373 374 0 378 379 380 381 382 383 384 385 0 389 390 391 392 393 394 395 396 0 400 401 402 403 404 405 406 407 0 411 412 413 414 415 416 417 418 0 422 423 424 425 426 427 428 429 0 433 434 435 436 437 438 439 440 0 444 445 446 447 448 449 450 451 0 455 456 457 458 459 460 461 462 0
375 376 377 378 379 380 381 382 383 386 387 388 389 390 391 392 393 394 397 398 399 400 401 402 403 404 405 408 409 410 411 412 413 414 415 416 419 420 421 422 423 424 425 426 427 430 431 432 433 434 435 436 437 438 441 442 443 444 445 446 447 448 449 452 453 454 455 456 457 458 459 460 463 464 465 466 467 468 469 470 471
376 377 378 379 380 381 382 383 384 387 388 389 390 391 392 393 394 395 398 399 400 401 402 403 404 405 406 409 410 411 412 413 414 415 416 417 420 421 422 423 424 425 426 427 428 431 432 433 434 435 436 437 438 439 442 443 444 445 446 447 448 449 450 453 454 455 456 457 458 459 460 461 464 465 466 467 468 469 470 471 472
377 378 379 380 381 382 383 384 385 388 389 390 391 392 393 394 395 396 399 400 401 402 403 404 405 406 407 410 411 412 413 414 415 416 417 418 421 422 423 424 425 426 427 428 429 432 433 434 435 436 437 438 439 440 443 444 445 446 447 448 449 450 451 454 455 456 457 458 459 460 461 462 465 466 467 468 469 470 471 472 473
378 379 380 381 382 383 384 385 0 389 390 391 392 393 394 395 396 0 400 401 402 403 404 405 406 407 0 411 412 413 414 415 416 417 418 0 422 423 424 425 426 427 428 429 0 433 434 435 436 437 438 439 440 0 444 445 446 447 448 449 450 451 0 455 456 457 458 459 460 461 462 0 466 467 468 469 470 471 472 473 0
386 387 388 389 390 391 392 393 394 397 398 399 400 401 402 403 404 405 408 409 410 411 412 413 414 415 416 419 420 421 422 423 424 425 426 427 430 431 432 433 434 435 436 437 438 441 442 443 444 445 446 447 448 449 452 453 454 455 456 457 458 459 460 463 464 465 466 467 468 469 470 471 474 475 476 477 478 479 480 481 482
387 388 389 390 391 392 393 394 395 398 399 400 401 402 403 404 405 406 409 410 411 412 413 414 415 416 417 420 421 422 423 424 425 426 427 428 431 432 433 434 435 436 437 438 439 442 443 444 445 446 447 448 449 450 453 454 455 456 457 458 459 460 461 464 465 466 467 468 469 470 471 472 475 476 477 478 479 480 481 482 483
388 389 390 391 392 393 394 395 396 399 400 401 402 403 404 405 406 407 410 411 412 413 414 415 416 417 418 421 422 423 424 425 426 427 428 429 432 433 434 435 436 437 438 439 440 443 444 445 446 447 448 449 450 451 454 455 456 457 458 459 460 461 462 465 466 467 468 469 470 471 472 473 476 477 478 479 480 481 482 483 484
389 390 391 392 393 394 395 396 0 400 401 402 403 404 405 406 407 0 411 412 413 414 415 416 417 418 0 422 423 424 425 426 427 428 429 0 433 434 435 436 437 438 439 440 0 444 445 446 447 448 449 450 451 0 455 456 457 458 459 460 461 462 0 466 467 468 469 470 471 472 473 0 477 478 479 480 481 482 483 484 0
397 398 399 400 401 402 403 404 405 408 409 410 411 412 413 414 415 416 419 420 421 422 423 424 425 426 427 430 431 432 433 434 435 436 437 438 441 442 443 444 445 446 447 448 449 452 453 454 455 456 457 458 459 460 463 464 465 466 467 468 469 470 471 474 475 476 477 478 479 480 481 482 0 0 0 0 0 0 0 0 0
398 399 400 401 402 403 404 405 406 409 410 411 412 413 414 415 416 417 420 421 422 423 424 425 426 427 428 431 432 433 434 435 436 437 438 439 442 443 444 445 446 447 448 449 450 453 454 455 456 457 458 459 460 461 464 465 466 467 468 469 470 471 472 475 476 477 478 479 480 481 482 483 0 0 0 0 0 0 0 0 0
399 400 401 402 403 404 405 406 407 410 411 412 413 414 415 416 417 418 421 422 423 424 425 426 427 428 429 432 433 434 435 436 437 438 439 440 443 444 445 446 447 448 449 450 451 454 455 456 457 458 459 460 461 462 465 466 467 468 469 470 471 472 473 476 477 478 479 480 481 482 483 484 0 0 0 0 0 0 0 0 0
400 401 402 403 404 405 406 407 0 411 412 413 414 415 416 417 418 0 422 423 424 425 426 427 428 429 0 433 434 435 436 437 438 439 440 0 444 445 446 447 448 449 450 451 0 455 456 457 458 459 460 461 462 0 466 467 468 469 470 471 472 473 0 477 478 479 480 481 482 483 484 0 0 0 0 0 0 0 0 0 0
