# degree
3, 3
# shape
12, 12
# rational
0
# knots
 0.          0.          0.          0.          0.11111111  0.22222222
  0.33333333  0.44444444  0.55555556  0.66666667  0.77777778  0.88888889
  1.          1.          1.          1.        
# knots
 0.          0.          0.          0.          0.11111111  0.22222222
  0.33333333  0.44444444  0.55555556  0.66666667  0.77777778  0.88888889
  1.          1.          1.          1.        
# points
 1.  1.  0.
 1.          1.03703704  0.        
 1.          1.11111111  0.        
 1.          1.22222222  0.        
 1.          1.33333333  0.        
 1.          1.44444444  0.        
 1.          1.55555556  0.        
 1.          1.66666667  0.        
 1.          1.77777778  0.        
 1.          1.88888889  0.        
 1.          1.96296296  0.        
 1.  2.  0.
 1.03703704  1.          0.        
 1.03703704  1.03703704  0.        
 1.03703704  1.11111111  0.        
 1.03703704  1.22222222  0.        
 1.03703704  1.33333333  0.        
 1.03703704  1.44444444  0.        
 1.03703704  1.55555556  0.        
 1.03703704  1.66666667  0.        
 1.03703704  1.77777778  0.        
 1.03703704  1.88888889  0.        
 1.03703704  1.96296296  0.        
 1.03703704  2.          0.        
 1.11111111  1.          0.        
 1.11111111  1.03703704  0.        
 1.11111111  1.11111111  0.        
 1.11111111  1.22222222  0.        
 1.11111111  1.33333333  0.        
 1.11111111  1.44444444  0.        
 1.11111111  1.55555556  0.        
 1.11111111  1.66666667  0.        
 1.11111111  1.77777778  0.        
 1.11111111  1.88888889  0.        
 1.11111111  1.96296296  0.        
 1.11111111  2.          0.        
 1.22222222  1.          0.        
 1.22222222  1.03703704  0.        
 1.22222222  1.11111111  0.        
 1.22222222  1.22222222  0.        
 1.22222222  1.33333333  0.        
 1.22222222  1.44444444  0.        
 1.22222222  1.55555556  0.        
 1.22222222  1.66666667  0.        
 1.22222222  1.77777778  0.        
 1.22222222  1.88888889  0.        
 1.22222222  1.96296296  0.        
 1.22222222  2.          0.        
 1.33333333  1.          0.        
 1.33333333  1.03703704  0.        
 1.33333333  1.11111111  0.        
 1.33333333  1.22222222  0.        
 1.33333333  1.33333333  0.        
 1.33333333  1.44444444  0.        
 1.33333333  1.55555556  0.        
 1.33333333  1.66666667  0.        
 1.33333333  1.77777778  0.        
 1.33333333  1.88888889  0.        
 1.33333333  1.96296296  0.        
 1.33333333  2.          0.        
 1.44444444  1.          0.        
 1.44444444  1.03703704  0.        
 1.44444444  1.11111111  0.        
 1.44444444  1.22222222  0.        
 1.44444444  1.33333333  0.        
 1.44444444  1.44444444  0.        
 1.44444444  1.55555556  0.        
 1.44444444  1.66666667  0.        
 1.44444444  1.77777778  0.        
 1.44444444  1.88888889  0.        
 1.44444444  1.96296296  0.        
 1.44444444  2.          0.        
 1.55555556  1.          0.        
 1.55555556  1.03703704  0.        
 1.55555556  1.11111111  0.        
 1.55555556  1.22222222  0.        
 1.55555556  1.33333333  0.        
 1.55555556  1.44444444  0.        
 1.55555556  1.55555556  0.        
 1.55555556  1.66666667  0.        
 1.55555556  1.77777778  0.        
 1.55555556  1.88888889  0.        
 1.55555556  1.96296296  0.        
 1.55555556  2.          0.        
 1.66666667  1.          0.        
 1.66666667  1.03703704  0.        
 1.66666667  1.11111111  0.        
 1.66666667  1.22222222  0.        
 1.66666667  1.33333333  0.        
 1.66666667  1.44444444  0.        
 1.66666667  1.55555556  0.        
 1.66666667  1.66666667  0.        
 1.66666667  1.77777778  0.        
 1.66666667  1.88888889  0.        
 1.66666667  1.96296296  0.        
 1.66666667  2.          0.        
 1.77777778  1.          0.        
 1.77777778  1.03703704  0.        
 1.77777778  1.11111111  0.        
 1.77777778  1.22222222  0.        
 1.77777778  1.33333333  0.        
 1.77777778  1.44444444  0.        
 1.77777778  1.55555556  0.        
 1.77777778  1.66666667  0.        
 1.77777778  1.77777778  0.        
 1.77777778  1.88888889  0.        
 1.77777778  1.96296296  0.        
 1.77777778  2.          0.        
 1.88888889  1.          0.        
 1.88888889  1.03703704  0.        
 1.88888889  1.11111111  0.        
 1.88888889  1.22222222  0.        
 1.88888889  1.33333333  0.        
 1.88888889  1.44444444  0.        
 1.88888889  1.55555556  0.        
 1.88888889  1.66666667  0.        
 1.88888889  1.77777778  0.        
 1.88888889  1.88888889  0.        
 1.88888889  1.96296296  0.        
 1.88888889  2.          0.        
 1.96296296  1.          0.        
 1.96296296  1.03703704  0.        
 1.96296296  1.11111111  0.        
 1.96296296  1.22222222  0.        
 1.96296296  1.33333333  0.        
 1.96296296  1.44444444  0.        
 1.96296296  1.55555556  0.        
 1.96296296  1.66666667  0.        
 1.96296296  1.77777778  0.        
 1.96296296  1.88888889  0.        
 1.96296296  1.96296296  0.        
 1.96296296  2.          0.        
 2.  1.  0.
 2.          1.03703704  0.        
 2.          1.11111111  0.        
 2.          1.22222222  0.        
 2.          1.33333333  0.        
 2.          1.44444444  0.        
 2.          1.55555556  0.        
 2.          1.66666667  0.        
 2.          1.77777778  0.        
 2.          1.88888889  0.        
 2.          1.96296296  0.        
 2.  2.  0.
# weights
1.0
1.0
1.0
1.0
1.0
1.0
1.0
1.0
1.0
1.0
1.0
1.0
1.0
1.0
1.0
1.0
1.0
1.0
1.0
1.0
1.0
1.0
1.0
1.0
1.0
1.0
1.0
1.0
1.0
1.0
1.0
1.0
1.0
1.0
1.0
1.0
1.0
1.0
1.0
1.0
1.0
1.0
1.0
1.0
1.0
1.0
1.0
1.0
1.0
1.0
1.0
1.0
1.0
1.0
1.0
1.0
1.0
1.0
1.0
1.0
1.0
1.0
1.0
1.0
1.0
1.0
1.0
1.0
1.0
1.0
1.0
1.0
1.0
1.0
1.0
1.0
1.0
1.0
1.0
1.0
1.0
1.0
1.0
1.0
1.0
1.0
1.0
1.0
1.0
1.0
1.0
1.0
1.0
1.0
1.0
1.0
1.0
1.0
1.0
1.0
1.0
1.0
1.0
1.0
1.0
1.0
1.0
1.0
1.0
1.0
1.0
1.0
1.0
1.0
1.0
1.0
1.0
1.0
1.0
1.0
1.0
1.0
1.0
1.0
1.0
1.0
1.0
1.0
1.0
1.0
1.0
1.0
1.0
1.0
1.0
1.0
1.0
1.0
1.0
1.0
1.0
1.0
1.0
1.0
