# degree
3, 3
# shape
12, 12
# rational
0
# knots
 0.          0.          0.          0.          0.11111111  0.22222222
  0.33333333  0.44444444  0.55555556  0.66666667  0.77777778  0.88888889
  1.          1.          1.          1.        
# knots
 0.          0.          0.          0.          0.11111111  0.22222222
  0.33333333  0.44444444  0.55555556  0.66666667  0.77777778  0.88888889
  1.          1.          1.          1.        
# points
 1.  0.  0.
 1.          0.03703704  0.        
 1.          0.11111111  0.        
 1.          0.22222222  0.        
 1.          0.33333333  0.        
 1.          0.44444444  0.        
 1.          0.55555556  0.        
 1.          0.66666667  0.        
 1.          0.77777778  0.        
 1.          0.88888889  0.        
 1.          0.96296296  0.        
 1.  1.  0.
 1.03703704  0.          0.        
 1.03703704  0.03703704  0.        
 1.03703704  0.11111111  0.        
 1.03703704  0.22222222  0.        
 1.03703704  0.33333333  0.        
 1.03703704  0.44444444  0.        
 1.03703704  0.55555556  0.        
 1.03703704  0.66666667  0.        
 1.03703704  0.77777778  0.        
 1.03703704  0.88888889  0.        
 1.03703704  0.96296296  0.        
 1.03703704  1.          0.        
 1.11111111  0.          0.        
 1.11111111  0.03703704  0.        
 1.11111111  0.11111111  0.        
 1.11111111  0.22222222  0.        
 1.11111111  0.33333333  0.        
 1.11111111  0.44444444  0.        
 1.11111111  0.55555556  0.        
 1.11111111  0.66666667  0.        
 1.11111111  0.77777778  0.        
 1.11111111  0.88888889  0.        
 1.11111111  0.96296296  0.        
 1.11111111  1.          0.        
 1.22222222  0.          0.        
 1.22222222  0.03703704  0.        
 1.22222222  0.11111111  0.        
 1.22222222  0.22222222  0.        
 1.22222222  0.33333333  0.        
 1.22222222  0.44444444  0.        
 1.22222222  0.55555556  0.        
 1.22222222  0.66666667  0.        
 1.22222222  0.77777778  0.        
 1.22222222  0.88888889  0.        
 1.22222222  0.96296296  0.        
 1.22222222  1.          0.        
 1.33333333  0.          0.        
 1.33333333  0.03703704  0.        
 1.33333333  0.11111111  0.        
 1.33333333  0.22222222  0.        
 1.33333333  0.33333333  0.        
 1.33333333  0.44444444  0.        
 1.33333333  0.55555556  0.        
 1.33333333  0.66666667  0.        
 1.33333333  0.77777778  0.        
 1.33333333  0.88888889  0.        
 1.33333333  0.96296296  0.        
 1.33333333  1.          0.        
 1.44444444  0.          0.        
 1.44444444  0.03703704  0.        
 1.44444444  0.11111111  0.        
 1.44444444  0.22222222  0.        
 1.44444444  0.33333333  0.        
 1.44444444  0.44444444  0.        
 1.44444444  0.55555556  0.        
 1.44444444  0.66666667  0.        
 1.44444444  0.77777778  0.        
 1.44444444  0.88888889  0.        
 1.44444444  0.96296296  0.        
 1.44444444  1.          0.        
 1.55555556  0.          0.        
 1.55555556  0.03703704  0.        
 1.55555556  0.11111111  0.        
 1.55555556  0.22222222  0.        
 1.55555556  0.33333333  0.        
 1.55555556  0.44444444  0.        
 1.55555556  0.55555556  0.        
 1.55555556  0.66666667  0.        
 1.55555556  0.77777778  0.        
 1.55555556  0.88888889  0.        
 1.55555556  0.96296296  0.        
 1.55555556  1.          0.        
 1.66666667  0.          0.        
 1.66666667  0.03703704  0.        
 1.66666667  0.11111111  0.        
 1.66666667  0.22222222  0.        
 1.66666667  0.33333333  0.        
 1.66666667  0.44444444  0.        
 1.66666667  0.55555556  0.        
 1.66666667  0.66666667  0.        
 1.66666667  0.77777778  0.        
 1.66666667  0.88888889  0.        
 1.66666667  0.96296296  0.        
 1.66666667  1.          0.        
 1.77777778  0.          0.        
 1.77777778  0.03703704  0.        
 1.77777778  0.11111111  0.        
 1.77777778  0.22222222  0.        
 1.77777778  0.33333333  0.        
 1.77777778  0.44444444  0.        
 1.77777778  0.55555556  0.        
 1.77777778  0.66666667  0.        
 1.77777778  0.77777778  0.        
 1.77777778  0.88888889  0.        
 1.77777778  0.96296296  0.        
 1.77777778  1.          0.        
 1.88888889  0.          0.        
 1.88888889  0.03703704  0.        
 1.88888889  0.11111111  0.        
 1.88888889  0.22222222  0.        
 1.88888889  0.33333333  0.        
 1.88888889  0.44444444  0.        
 1.88888889  0.55555556  0.        
 1.88888889  0.66666667  0.        
 1.88888889  0.77777778  0.        
 1.88888889  0.88888889  0.        
 1.88888889  0.96296296  0.        
 1.88888889  1.          0.        
 1.96296296  0.          0.        
 1.96296296  0.03703704  0.        
 1.96296296  0.11111111  0.        
 1.96296296  0.22222222  0.        
 1.96296296  0.33333333  0.        
 1.96296296  0.44444444  0.        
 1.96296296  0.55555556  0.        
 1.96296296  0.66666667  0.        
 1.96296296  0.77777778  0.        
 1.96296296  0.88888889  0.        
 1.96296296  0.96296296  0.        
 1.96296296  1.          0.        
 2.  0.  0.
 2.          0.03703704  0.        
 2.          0.11111111  0.        
 2.          0.22222222  0.        
 2.          0.33333333  0.        
 2.          0.44444444  0.        
 2.          0.55555556  0.        
 2.          0.66666667  0.        
 2.          0.77777778  0.        
 2.          0.88888889  0.        
 2.          0.96296296  0.        
 2.  1.  0.
# weights
1.0
1.0
1.0
1.0
1.0
1.0
1.0
1.0
1.0
1.0
1.0
1.0
1.0
1.0
1.0
1.0
1.0
1.0
1.0
1.0
1.0
1.0
1.0
1.0
1.0
1.0
1.0
1.0
1.0
1.0
1.0
1.0
1.0
1.0
1.0
1.0
1.0
1.0
1.0
1.0
1.0
1.0
1.0
1.0
1.0
1.0
1.0
1.0
1.0
1.0
1.0
1.0
1.0
1.0
1.0
1.0
1.0
1.0
1.0
1.0
1.0
1.0
1.0
1.0
1.0
1.0
1.0
1.0
1.0
1.0
1.0
1.0
1.0
1.0
1.0
1.0
1.0
1.0
1.0
1.0
1.0
1.0
1.0
1.0
1.0
1.0
1.0
1.0
1.0
1.0
1.0
1.0
1.0
1.0
1.0
1.0
1.0
1.0
1.0
1.0
1.0
1.0
1.0
1.0
1.0
1.0
1.0
1.0
1.0
1.0
1.0
1.0
1.0
1.0
1.0
1.0
1.0
1.0
1.0
1.0
1.0
1.0
1.0
1.0
1.0
1.0
1.0
1.0
1.0
1.0
1.0
1.0
1.0
1.0
1.0
1.0
1.0
1.0
1.0
1.0
1.0
1.0
1.0
1.0
