   0.0000000000000000        27.929188205033864        27.929188205033864        5.2848073006541911        36.844915582932735        2.2015072549028667        50.297873067532137       2.46917640575373439E-015  1.58939437742495012E-015  4.97623065873473325E-006  3.76822190084106060E-015  3.55272107241854624E-015  1.69288507529171019E-015  4.66873233020493424E-016
  0.50000000000000000        27.929188205033796        27.929193352280176        5.2848073006536502        36.844915582932543        2.2015072572770626        50.297873067531967       2.43848603021760988E-015  1.53112104880905169E-015  5.00842279732491822E-006  4.07702607644855828E-015  3.12866546024488929E-015  5.61848951519429179E-014  2.12372586704475099E-015
   1.0000000000000000        27.929188205033739        27.929198537495196        5.2848073006530845        36.844915582932344        2.2015072651544889        50.297873067531768       1.98671614712801261E-015  2.67421383283071043E-015  5.10548806182455298E-006  3.92060922604739563E-015  3.20384639588690926E-015  1.27262704970379135E-013  2.53264470146367936E-015
   1.5000000000000000        27.929188205033686        27.929203771900180        5.2848073006524663        36.844915582932188        2.2015072834792591        50.297873067531540       2.30612129683782055E-015  3.00727504514918891E-015  5.26780172167243954E-006  1.64113972635833025E-015  1.66767770725218165E-015  2.28808257561453174E-013  2.88375385464055323E-015
   2.0000000000000000        27.929188205033668        27.929209078489436        5.2848073006517664        36.844915582932089        2.2015073068422009        50.297873067531270       7.03423252631533904E-015  2.80382199398161401E-015  5.49607001117603329E-006  3.05466589481862150E-015  6.33352415197550676E-016  3.56121328087956466E-013  1.64958886437038039E-015
   2.5000000000000000        27.929188205033650        27.929214569165996        5.2848073006509511        36.844915582931961        2.2015073354238526        50.297873067530958       3.87736450418614516E-015  9.89995249563594635E-016  5.79139213859330699E-006  1.35956466481378080E-015  4.23150904090537268E-015  5.23844510243864170E-013  1.45566306930871302E-015
   3.0000000000000000        27.929188205033686        27.929220208986894        5.2848073006499847        36.844915582931932        2.2015073694356975        50.297873067530617       6.03892974238076066E-015  2.07947961221132906E-015  6.15532709328599568E-006  4.59179842676041379E-015  1.88711761407940664E-015  7.41136751343893091E-013  5.66999018465426714E-015
   3.5000000000000000        27.929188205033746        27.929226007738492        5.2848073006488256        36.844915582931982        2.2015074145581477        50.297873067530297       7.33335822331778176E-015  1.81327721566086059E-015  6.58995560094336716E-006  1.98602732259781849E-015  1.86065984435474193E-015  1.01033549798908570E-012  1.90044537934117255E-015
   4.0000000000000000        27.929188205033864        27.929231992572813        5.2848073006474268        36.844915582932060        2.2015074665398422        50.297873067529864       2.15137988241780058E-015  1.69920196569504061E-015  7.09793286673513296E-006  4.22765970162158229E-015  3.32198204518118047E-015  1.33958022589719083E-012  2.64647600148521001E-015
   4.5000000000000000        27.929188205034023        27.929238355371030        5.2848073006457277        36.844915582932259        2.2015075251927270        50.297873067529423       3.34964123697294813E-015  4.46178410447612748E-015  7.68253232520007763E-006  3.66205343881778996E-015  3.13876134119166699E-015  1.74514554851906534E-012  2.45220700854071639E-015
   5.0000000000000000        27.929188205034247        27.929245025869356        5.2848073006436644        36.844915582932479        2.2015075909679540        50.297873067528897       3.25189083143002449E-015  3.96303869534172512E-015  8.34768360804061393E-006  6.59966193394453180E-015  2.37361333443426398E-016  2.22603452763822970E-012  3.91500097927689670E-015
   5.5000000000000000        27.929188205034546        27.929252013394443        5.2848073006411553        36.844915582932884        2.2015076643620088        50.297873067528343       1.55715342866018645E-015  4.58825984277979611E-015  9.09800883908110717E-006  4.44089209850062616E-015  3.54920271586447645E-015  2.81140538478906276E-012  1.44619657969486381E-015
   6.0000000000000000        27.929188205034894        27.929259348826648        5.2848073006381089        36.844915582933282        2.2015077459194994        50.297873067527640       6.97062692701074885E-015  1.23557446281111773E-015  9.93886108315889513E-006  6.78072142005699836E-015  2.02224822780346690E-015  3.50775000931764542E-012  3.16495934406787109E-015
   6.5000000000000000        27.929188205035338        27.929267166989945        5.2848073006344087        36.844915582933830        2.2015078420252641        50.297873067526837       7.64133368028991032E-015  4.28677017701843868E-015  1.08763679512482485E-005  3.71395407792368061E-015  5.23873687619108824E-016  4.34240822378620015E-012  1.12204176687335420E-015
   7.0000000000000000        27.929188205035857        27.929275594981327        5.2848073006299234        36.844915582934462        2.2015079484519604        50.297873067525870       5.07617551696414966E-015  4.31552503200959973E-015  1.19174822085543344E-005  6.86249231456103400E-015  3.23822723928409913E-015  5.34253565219711155E-012  2.17150173725232920E-015
   7.5000000000000000        27.929188205036464        27.929284645780733        5.2848073006244904        36.844915582935158        2.2015080657843122        50.297873067524677       5.44888493574514717E-015  6.28612589078047551E-015  1.30700407398033649E-005  4.30425607094327113E-015  2.44582578123944575E-015  6.52874934834190682E-012  3.07463024774459222E-015
   8.0000000000000000        27.929188205037178        27.929294338286443        5.2848073006179179        36.844915582935933        2.2015081949345086        50.297873067523199       4.69725832396469701E-015  4.70844547335420999E-015  1.43428325213424942E-005  5.47297839402960833E-015  1.37742617726904488E-015  7.94792748470669690E-012  1.99369444867336813E-015
   8.5000000000000000        27.929188205037999        27.929304719259477        5.2848073006099749        36.844915582936764        2.2015083368946291        50.297873067521365       2.79144361640914972E-015  5.46920043151610519E-015  1.57456761056086151E-005  8.08882014508771851E-015  3.58017365964043097E-015  9.64638355067390175E-012  1.50273038953136672E-015
   9.0000000000000000        27.929188205038930        27.929315864007179        5.2848073006003862        36.844915582937581        2.2015084927425681        50.297873067519049       8.32197255517583093E-015  6.03176223523694819E-015  1.72895069848645853E-005  6.43275715994143551E-015  4.19918851804117769E-015  1.16775244699074208E-011  1.39287256606348747E-015
   9.5000000000000000        27.929188205039978        27.929328083991454        5.2848073005888185        36.844915582938334        2.2015086636483816        50.297873067516150       8.12638850004397838E-015  6.00628315193240755E-015  1.89864752146127922E-005  7.08867014243809379E-015  1.82215128102248838E-015  1.41121808768357414E-011  2.54829991785906190E-015
   10.000000000000000        27.929188205041161        27.929341409962507        5.2848073005748732        36.844915582939116        2.2015088508810763        50.297873067512562       1.21832125593158436E-014  1.22967424804605037E-014  2.08500538489530560E-005  7.73996027141159204E-015  3.82873307496655351E-015  1.70299114904111209E-011  1.16451540460989416E-015
   10.500000000000000        27.929188205042475        27.929355923487776        5.2848073005580769        36.844915582939784        2.2015090558158614        50.297873067508078       6.06300999926057847E-015  1.00348303773545239E-014  2.28951586766243643E-005  7.89136032117992099E-015  4.29038854750617496E-015  2.05326665696563757E-011  1.52385543883379153E-015
   11.000000000000000        27.929188205043943        27.929371682374878        5.2848073005378531        36.844915582940210        2.2015092870522888        50.297873067502465       6.95249375997235556E-015  1.17230749566493367E-014  2.51382801224225001E-005  1.06320731160408683E-014  4.39212957848897551E-015  2.47467736974761949E-011  2.82930821559948000E-015
   11.500000000000000        27.929188205045556        27.929388811883744        5.2848073005135152        36.844915582940359        2.2015095430332203        50.297873067495516       8.66109783282418422E-015  1.08969985078881756E-014  2.75976281235857846E-005  9.15840308943350095E-015  3.87568343834482395E-015  2.98018675783562526E-011  6.64368309087573002E-016
   12.000000000000000        27.929188205047339        27.929407443531566        5.2848073004842355        36.844915582940139        2.2015098234885864        50.297873067486876       1.00825023586874668E-014  7.74709180181531557E-015  3.02932910616643904E-005  1.18310766525770575E-014  5.37042556081725279E-015  3.58863711555221468E-011  3.47340032739853980E-016
   12.500000000000000        27.929188205049329        27.929427720924156        5.2848073004490201        36.844915582939478        2.2015101305913927        50.297873067476232       1.22609015489973245E-014  1.19671543156675913E-014  3.32474099301376070E-005  1.28961358406435927E-014  4.51156631888927905E-015  4.32070100736562052E-011  3.60639995056944831E-015
   13.000000000000000        27.929188205051538        27.929449806158726        5.2848073004066753        36.844915582938178        2.2015104666995295        50.297873067463115       1.05192691371735252E-014  9.37333868373574905E-015  3.64843691277809859E-005  1.36603832855125512E-014  5.70143679982903056E-015  5.20064158335760063E-011  2.61125212333769415E-015
   13.500000000000000        27.929188205053986        27.929474133545657        5.2848073003557650        36.844915582936146        2.2015108343704348        50.297873067447043       1.53917499102946333E-014  1.06929170864218657E-014  4.00310053863671574E-005  1.36484180263260616E-014  6.01130428504882230E-015  6.25974942469208025E-011  1.10087931937615872E-015
   14.000000000000000        27.929188205056725        27.929500919243605        5.2848073002945632        36.844915582933211        2.2015112363767830        50.297873067427389       1.42333979134442346E-014  1.42181003560871233E-014  4.39168365630134127E-005  1.81871444477370964E-014  6.68188382170372708E-015  7.53317376229247756E-011  3.57334228435282027E-015
   14.500000000000000        27.929188205059834        27.929530678295166        5.2848073002209945        36.844915582929104        2.2015116757233253        50.297873067403401       1.05377207370624353E-014  8.05508571995099959E-015  4.81743122140371180E-005  1.69192091056312670E-014  6.14181874666132165E-015  9.06491621906589267E-011  1.10111629860740088E-015
   15.000000000000000        27.929188205063369        27.929563353581663        5.2848073001325648        36.844915582923733        2.2015121556649340        50.297873067374269       1.34780224343137368E-014  1.14769129243796682E-014  5.28390880299825887E-005  1.61112914788432062E-014  6.26987055568725341E-015  1.09070046988938940E-010  9.21718293444458817E-016
   15.500000000000000        27.929188205067408        27.929599159223859        5.2848073000262747        36.844915582916840        2.2015126797258722        50.297873067338976       1.74736552511313686E-014  1.58931414417616099E-014  5.79503265266217464E-005  1.89446700019673760E-014  7.90094778815085120E-015  1.31209407919571290E-010  1.04053231453908489E-015
   16.000000000000000        27.929188205072123        27.929638349703723        5.2848072998985156        36.844915582908122        2.2015132517203955        50.297873067296244       1.62515708788519121E-014  1.73888764590191202E-014  6.35510265025164512E-005  2.32499203420196516E-014  9.87701207155200451E-015  1.57822673634713122E-010  4.05672604541962418E-015
   16.500000000000000        27.929188205077622        27.929681227196454        5.2848072997449504        36.844915582897244        2.2015138936163492        50.297873067244623       1.52370557225322371E-014  1.90659690931864421E-014  6.96883841292559924E-005  2.48067501619459323E-014  5.76233639108333906E-015  1.89796981735174336E-010  3.11182511720453808E-015
   17.000000000000000        27.929188205084110        27.929728127456290        5.2848072995603612        36.844915582883907        2.2015146034515909        50.297873067182394       1.91886995960050526E-014  2.29486488536239462E-014  7.64141888079388648E-005  2.47205135906463500E-014  9.43550694587131335E-015  2.28191891396797508E-010  6.92476766915811575E-016
   17.500000000000000        27.929188205091862        27.929779410951181        5.2848072993384800        36.844915582867777        2.2015153801000449        50.297873067107517       1.96110536984237052E-014  2.07826450468372952E-014  8.37852571476652201E-005  2.59442992897602763E-014  1.23167271868620965E-014  2.74307910634820074E-010  2.79626191792565973E-015
   18.000000000000000        27.929188205101156        27.929835470992884        5.2848072990717636        36.844915582848323        2.2015162295446831        50.297873067017512       1.98143101028342635E-014  2.53793236973723896E-014  9.18639089379156540E-005  3.20570872225306991E-014  1.07453624605416164E-014  3.29660625116886431E-010  2.40012757736049927E-015
   18.500000000000000        27.929188205112371        27.929896731701028        5.2848072987511472        36.844915582825159        2.2015171582782851        50.297873066909432       2.22102584022341945E-014  1.95224073229163688E-014  1.00718489090504648E-004  3.53486039312607885E-014  9.08499985795600611E-015  3.96088844694052618E-010  3.50740870429629443E-015
   19.000000000000000        27.929188205125964        27.929964227096875        5.2848072983657293        36.844915582797682        2.2015181733441387        50.297873066779765       2.58088503725317824E-014  2.68595566755089450E-014  1.10423940176665222E-004  3.63761493259677116E-014  1.28724853880590932E-014  4.75791210996689649E-010  2.34527988229999195E-015
   19.500000000000000        27.929188205142534        27.930038739719361        5.2848072979024101        36.844915582765289        2.2015192823796337        50.297873066624355       2.22519523955178045E-014  3.05382927720530876E-014  1.21062430457523712E-004  3.98339334917787450E-014  1.04695783132425878E-014  5.71395646229215256E-010  3.50777897119821243E-015
   20.000000000000000        27.929188205162760        27.930121381750713        5.2848072973454308        36.844915582727126        2.2015204936629189        50.297873066438044       2.76263295996522664E-014  3.02705941058558631E-014  1.32724042851089375E-004  5.04716986584598141E-014  1.39256611641017270E-014  6.86053534088365750E-010  3.04466308136480618E-015
   20.500000000000000        27.929188205187469        27.930212129065474        5.2848072966758624        36.844915582682376        2.2015218161627916        50.297873066214876       2.50090523400876290E-014  3.23596907554782423E-014  1.45507530724529741E-004  5.09382056798897329E-014  1.27525872337028773E-014  8.23538844032330262E-010  2.50837324720911975E-015
   21.000000000000000        27.929188205217720        27.930311514077449        5.2848072958709400        36.844915582630037        2.2015232595919767        50.297873065947599       2.26419141280984157E-014  3.78911215720975196E-014  1.59521147066945678E-004  5.22819374719830754E-014  1.90213157081246587E-014  9.88376582325721606E-010  1.15806012330455461E-015
   21.500000000000000        27.929188205254743        27.930420316465284        5.2848072949033069        36.844915582568937        2.2015248344639722        50.297873065627584       2.42907074627452599E-014  3.62110665399883674E-014  1.74883554153351217E-004  5.87499925650933060E-014  1.84367490065779354E-014  1.18598404530640714E-009  2.91360417369033499E-015
   22.000000000000000        27.929188205300001        27.930539307778140        5.2848072937400765        36.844915582497499        2.2015265920752278        50.297873065244303       2.61210604080020110E-014  3.77827744845113220E-014  1.91724821421758652E-004  6.65134922254105930E-014  1.88487997070520424E-014  1.42286260075877421E-009  1.95202635353866688E-015
   22.500000000000000        27.929188205355334        27.930669398189394        5.2848072923417302        36.844915582414103        2.2015285448037858        50.297873064785321       2.46152986521261025E-014  4.14153199200476711E-014  2.10187520205553735E-004  6.80858255207717180E-014  2.38735647899681084E-014  1.70681205593209728E-009  2.05260757682030964E-015
   23.000000000000000        27.929188205422882        27.930811555882645        5.2848072906607682        36.844915582316609        2.2015306809431152        50.297873064235489       2.60640988139162182E-014  4.55413102627640440E-014  2.30427924575398076E-004  7.90668280884710417E-014  2.32234909044436382E-014  2.04718457078262768E-009  1.78404330543890198E-015
   23.500000000000000        27.929188205505227        27.930966836737955        5.2848072886401027        36.844915582202432        2.2015330169676099        50.297873063576731       2.13706516468548865E-014  5.00224017158825825E-014  2.52617328564932379E-004  8.56329822713078223E-014  2.60421320064359657E-014  2.45520155733470772E-009  2.06789918023776079E-015
   24.000000000000000        27.929188205605467        27.931136384535641        5.2848072862111310        36.844915582068559        2.2015355707579505        50.297873062787232       2.42681735155343099E-014  4.97768672001426887E-014  2.76943490954955436E-004  9.48652268139419159E-014  2.87768320818930838E-014  2.94434194925788663E-009  2.42550856219090764E-016
   24.500000000000000        27.929188205727328        27.931321606700884        5.2848072832914035        36.844915581911337        2.2015383617129967        50.297873061840889       2.48424474411019086E-014  5.54083487534329678E-014  3.03612219911163315E-004  1.01644949641914554E-013  2.83984248906613703E-014  3.53078189672324464E-009  1.56489958536854470E-015
   25.000000000000000        27.929188205875249        27.931526630367415        5.2848072797818411        36.844915581726028        2.2015414108696274        50.297873060706003       2.72083689251303240E-014  5.74469260674784128E-014  3.32849110919350172E-004  1.14662926914595568E-013  3.04300547364288983E-014  4.23395894281142680E-009  4.19995741386806870E-016
   25.500000000000000        27.929188206054530        27.931754191100797        5.2848072755633746        36.844915581507330        2.2015447410310198        50.297873059344781       2.34428262722302137E-014  6.44235244775836509E-014  3.64901452684113388E-004  1.27628361740759215E-013  3.55874691911511494E-014  5.07721736502021642E-009  2.61120656831681568E-015
   26.000000000000000        27.929188206271526        27.932003922752259        5.2848072704929150        36.844915581248330        2.2015483769037538        50.297873057711442       2.88421157035938177E-014  6.89483712611828421E-014  4.00040317215312339E-004  1.38258020673110233E-013  3.76278846143642502E-014  6.08861431540094687E-009  2.04265149106343213E-015
   26.500000000000000        27.929188206533826        27.932277717489754        5.2848072643985127        36.844915580941041        2.2015523452443126        50.297873055751168       2.82476542800353842E-014  7.31080112200877263E-014  4.38562851660970296E-004  1.50877084343089572E-013  4.06101877216597012E-014  7.30186706575863814E-009  2.15118854850163880E-015
   27.000000000000000        27.929188206850498        27.932577281207461        5.2848072570735329        36.844915580575396        2.2015566750153792        50.297873053397744       3.14693730617246959E-014  7.94625839416572974E-014  4.80794791349105973E-004  1.69179497920321660E-013  4.24370450270127136E-014  8.75750268145071799E-009  1.89233038589303241E-015
   27.500000000000000        27.929188207232396        27.932904802432233        5.2848072482696598        36.844915580139237        2.2015614870362965        50.297873050571624       3.04757158239838404E-014  8.99274978845061036E-014  5.27093215198781283E-004  1.88189891277364231E-013  4.49763596258859471E-014  1.05042336664982697E-008  1.27483920083291718E-015
   28.000000000000000        27.929188207692512        27.933262722278666        5.2848072376884927        36.844915579618061        2.2015668541061104        50.297873047177163       2.84455619730228617E-014  9.45777774381822203E-014  5.77849566785810088E-004  2.07806454425737573E-013  4.95883839984139674E-014  1.26006525760545820E-008  1.38036170468655056E-015
   28.500000000000000        27.929188208246362        27.933653681404234        5.2848072249714413        36.844915578993721        2.2015727254744211        50.297873043099067       2.37199635247168288E-014  9.83907709858897185E-014  6.33492966555658141E-004  2.27745163439057647E-013  5.67957163911124813E-014  1.51171761193702411E-008  1.14857257060277293E-015
   29.000000000000000        27.929188208912553        27.934080568636372        5.2848072096875827        36.844915578244915        2.2015791464959458        50.297873038198972       2.66938176924334528E-014  1.05465643865398096E-013  6.94493843088292559E-004  2.54614550866069828E-013  5.81882827808523603E-014  1.81385028884620645E-008  2.14713538149247953E-015
   29.500000000000000        27.929188209713338        27.934546518206524        5.2848071913190697        36.844915577345205        2.2015861663966194        50.297873032310108       2.95103992839965991E-014  1.14942851716977108E-013  7.61367914145851888E-004  2.76456471028474093E-013  6.03777859813473760E-014  2.17664558596410730E-008  2.71129920442288577E-015
   30.000000000000000        27.929188210675417        27.935054921796684        5.2848071692435976        36.844915576262984        2.2015938385814628        50.297873025232136       3.32127869043148905E-014  1.19502896974166356E-013  8.34680550952185754E-004  3.03590883693239524E-013  6.77628313528903324E-014  2.61234953499942428E-008  3.55062474686563162E-015
   30.500000000000000        27.929188211830741        27.935617471002253        5.2848071427133307        36.844915574959948        2.2016022209643480        50.297873016724040       3.28225749049266441E-014  1.30462743564933459E-013  9.15051562663352492E-004  3.33185492634681331E-013  7.26941647202549585E-014  3.13568749170042086E-008  3.03417842642530582E-015
   31.000000000000000        27.929188213217671        27.936240423886360        5.2848071108295764        36.844915573389869        2.2016113763209999        50.297873006496033       3.24230845252569271E-014  1.36411852323635542E-013  1.00316044128569322E-003  3.62823471371817458E-013  7.88712074795235907E-014  3.76436592792902645E-008  3.53766258614287753E-015
   31.500000000000000        27.929188214882213        27.936925901649388        5.2848070725123470        36.844915571496813        2.2016213726664602        50.297872994199594       3.83659801524363033E-014  1.37954921454369315E-013  1.09975211139083607E-003  4.02281263922041361E-013  9.24929352499298156E-014  4.51967616246066060E-008  1.47291750109530589E-015
   32.000000000000000        27.929188216879552        27.937677358645640        5.2848070264637963        36.844915569213597        2.2016322836583848        50.297872979415843       4.00465284172220364E-014  1.42771350462328661E-013  1.20564323308950858E-003  4.39731586402104280E-013  9.30595123000472805E-014  5.42722074680216503E-008  3.70564135125633806E-015
   32.500000000000000        27.929188219275986        27.938499504347167        5.2848069711242562        36.844915566459207        2.2016441890274305        50.297872961641161       4.61325296205737704E-014  1.42123051501971497E-013  1.32172911152808256E-003  4.77048999603772510E-013  1.03615616987787794E-013  6.51778149710532250E-008  3.18909367564821573E-015
   33.000000000000000        27.929188222151055        27.939398276520311        5.2848069046194244        36.844915563136055        2.2016573646713709        50.297872940270146       4.61889760211985145E-014  1.46145965981038051E-013  1.44899127123665960E-003  5.13527002311358836E-013  1.08144434839008582E-013  7.82837030942565783E-008  3.21771356216872075E-015
   33.500000000000000        27.929188225600349        27.940380284776353        5.2848068246968962        36.844915559126761        2.2016721179263805        50.297872914575095       5.06957463431488489E-014  1.42689019162629092E-013  1.58850575928652128E-003  5.57086386825809569E-013  1.17041196563399547E-013  9.40348598866526215E-008  6.45106041723109849E-015
   34.000000000000000        27.929188229738710        27.941452764949673        5.2848067286498921        36.844915554290225        2.2016882581522759        50.297872883681350       5.23265133795113189E-014  1.35575533229862763E-013  1.74145224741042689E-003  6.10125312186755695E-013  1.28854123839148021E-013  1.12966262762201358E-007  1.48522330428921690E-015
   34.500000000000000        27.929188234704110        27.942623615062391        5.2848066132256104        36.844915548456875        2.2017059101372545        50.297872846537757       5.52687235572571845E-014  1.27853398943619423E-013  1.90912401001150345E-003  6.54217934919699274E-013  1.37875474033187955E-013  1.35721064343251283E-007  6.20713807422726940E-015
   35.000000000000000        27.929188240662384        27.943901380189406        5.2848064745150980        36.844915541422949        2.2017252093212019        50.297872801880928       6.06384305102602494E-014  1.32280798328781789E-013  2.09293886232928515E-003  7.14274850519586068E-013  1.48383115844154042E-013  1.63072414811927255E-007  4.08326540914191874E-015
   35.500000000000000        27.929188247812860        27.945295307673025        5.2848063078209195        36.844915532943595        2.2017463026431243        50.297872748192482       5.95706899957952902E-014  1.42051193547096284E-013  2.29445115130543290E-003  7.78067286362741753E-013  1.57530524137145973E-013  1.95949726657857049E-007  2.82652017090638579E-015
   36.000000000000000        27.929188256395136        27.946835688650300        5.2848061074981594        36.844915522724811        2.2017693494490151        50.297872683647668       6.35321769040703371E-014  1.83433645543070831E-013  2.51536490038048541E-003  8.54543588704167432E-013  1.73360872435611264E-013  2.35470187643155393E-007  1.06822748233819444E-015
   36.500000000000000        27.929188266697256        27.948540596923625        5.2848058667633762        36.844915510413657        2.2017945224635431        50.297872606053645       6.38775684625392366E-014  2.55754335461500446E-013  2.75754821947962400E-003  9.47324710119566796E-013  1.89359349566445395E-013  2.82976678819063473E-007  2.86581157689570102E-015
   37.000000000000000        27.929188279065489        27.950418086295141        5.2848055774650611        36.844915495586427        2.2018220088291094        50.297872512775228       7.00378346912385944E-014  3.71558628953530991E-013  3.02304910192446874E-003  1.05322104807908611E-012  2.02285441343814710E-013  3.40083297211881223E-007  4.02411480101730294E-015
   37.500000000000000        27.929188293916098        27.952476098703517        5.2848052298078603        36.844915477734119        2.2018520112157547        50.297872400645339       7.06018775472080017E-014  5.32566513931491715E-013  3.31411274189471377E-003  1.18689925844006619E-012  2.17043117138167046E-013  4.08730075471601411E-007  2.83097902808233266E-015
   38.000000000000000        27.929188311749481        27.954726909123799        5.2848048120212603        36.844915456245779        2.2018847490055657        50.297872265858032       6.76010522646986262E-014  7.46610488549474765E-013  3.63320051879794563E-003  1.35958673579366493E-012  2.36852535994872574E-013  4.91248761965299724E-007  3.36326780455753179E-015
   38.500000000000000        27.929188333167140        27.957186829333668        5.2848043099615518        36.844915430387900        2.2019208094251130        50.297872103839488       6.21460519424035328E-014  1.03118028666544991E-012  3.98301080916560381E-003  1.58091081800185315E-012  2.51139350858889294E-013  5.90441825316361817E-007  2.95373938410106841E-015
   39.000000000000000        27.929188358892137        27.959873590014450        5.2848037066336833        36.844915399279628        2.2019613621567098        50.297871909092926       4.44151780514976150E-014  1.39790911760953518E-012  4.36650180192822701E-003  1.85669516752127832E-012  2.67906324609397091E-013  7.09677408151097291E-007  3.05184344111454339E-015
   39.500000000000000        27.929188389793463        27.962806630527666        5.2848029816169122        36.844915361863123        2.2020057283659082        50.297871675012338       2.45696036977683804E-014  1.85944822107992151E-012  4.78691651000862084E-003  2.20021295480262766E-012  2.83619287971728976E-013  8.53003463874690787E-007  3.36669912195482673E-015
   40.000000000000000        27.929188426915612        27.966007159415469        5.2848021103749110        36.844915316868224        2.2020542512065608        50.297871393658589       2.70487352135741910E-014  2.42909314509827582E-012  5.24781018970858163E-003  2.60425361439499041E-012  3.04352784432144986E-013  1.02528488627932412E-006  7.71644474028256401E-015
   40.500000000000000        27.929188471513790        27.969498053027042        5.2848010634271807        36.844915262769248        2.2021073031256466        50.297871055490248       6.40307137048236387E-014  3.11566962514053909E-012  5.75308039955055740E-003  3.07140025698201684E-012  3.16870350971103064E-013  1.23236831323533051E-006  7.34692084503651294E-015
   41.000000000000000        27.929188525096396        27.973303991806130        5.2847998053539431        36.844915197733961        2.2021652881928908        50.297870649039993       1.16513433920415017E-013  3.92138855201005180E-012  6.30699995269157557E-003  3.60959869790612995E-012  3.30339880700054105E-013  1.48128018424089534E-006  9.71482713112132382E-015
   41.500000000000000        27.929188589475842        27.977501071862200        5.2847982936011615        36.844915119561193        2.2022286445957211        50.297870160525619       1.79096682246791076E-013  4.87574984851357342E-012  6.91425304126238715E-003  4.25935828920368506E-012  3.38278465296183056E-013  1.78046474855040790E-006  1.35057131490937212E-014
   42.000000000000000        27.929188666829713        27.982142253520070        5.2847964770456972        36.844915025606753        2.2022978473087060        50.297869573382400       2.31087379609209081E-013  6.08059631461445424E-012  7.57997483783304834E-003  5.11537820591624790E-012  3.43514925139525571E-013  2.14007011529432126E-006  1.26167717855370460E-014
   42.500000000000000        27.929188759773862        27.987255106496061        5.2847942942726451        36.844914912693262        2.2023734109466235        50.297868867700693       2.81307909297468473E-013  7.73582839357551078E-012  8.30979490836506081E-003  6.39165590856506135E-012  3.51815653938667866E-013  2.57229197285508486E-006  1.28975995418319201E-014
   43.000000000000000        27.929188871450201        27.992855815904903        5.2847916715074001        36.844914777002408        2.2024558928103741        50.297868019549938       3.61714661393480733E-013  1.01122637863751650E-011  9.10988480315095411E-003  8.32755244557171868E-012  3.64373443677531789E-013  3.09178675278625410E-006  1.98137292138776288E-014
   43.500000000000000        27.929189005632143        27.998975271333691        5.2847885201336293        36.844914613944937        2.2025458961347351        50.297867000165837       6.13522699360910725E-013  1.34673157057542379E-011  9.98701022731717999E-003  1.11715722012011615E-011  4.12526094338981452E-013  3.71616801936800132E-006  4.56028517606477056E-014
   44.000000000000000        27.929189166851007        28.005656114946266        5.2847847337148099        36.844914418004954        2.2026444249269295        50.297865774973388       1.16590377949694929E-012  1.80727278130370577E-011  1.09485882308215706E-002  1.50811892023501391E-011  5.16711139509500272E-013  4.46660315111148291E-006  8.76002873029982354E-014
   44.500000000000000        27.929189360547632        28.012943870357685        5.2847801844206774        36.844914182552493        2.2027558432424135        50.297864302412258       2.10689830204147011E-012  2.42618943760628215E-011  1.20027499000373156E-002  2.01091701720881778E-011  7.12159663009702265E-013  5.36853034537131531E-006  1.52458072240158373E-013
   45.000000000000000        27.929189593254311        28.020888889265574        5.2847747187407803        36.844913899618319        2.2028777388104901        50.297862532524590       3.53337922746980055E-012  3.24390507450227989E-011  1.31584090789400136E-002  2.60879887694633993E-011  1.02867529334330474E-012  6.45252026899945302E-006  2.49067342500293420E-013
   45.500000000000000        27.929189872813261        28.029545071162616        5.2847681523443386        36.844913559624835        2.2030110541949219        50.297860405257836       5.54273668610163136E-012  4.29199448506678750E-011  1.44253376982038436E-002  3.26413942666356605E-011  1.51211905552109927E-012  7.75531167321643173E-006  3.69807025012471187E-013
   46.000000000000000        27.929190208638889        28.038970301871956        5.2847602639183080        36.844913151063338        2.2031568123522307        50.297857848425025       8.18159640532722907E-012  5.58269409012337505E-011  1.58142483455076636E-002  3.91171284880693637E-011  2.21416186803844332E-012  9.32105585909145041E-006  5.18846371564485346E-013
   46.500000000000000        27.929190612032471        28.049226340277482        5.2847507877832332        36.844912660107831        2.2033161230015010        50.297854775252610       1.14052043704358234E-011  7.11308244057413073E-011  1.73368847704375301E-002  4.47444017983947592E-011  3.21229674571742596E-012  1.12028123150909726E-005  6.79942419661530327E-013
   47.000000000000000        27.929191096559258        28.060496716393612        5.2847394050482688        36.844912070151352        2.2034901894380945        50.297851081432299       1.49798665272597953E-011  8.92782610453967305E-011  1.90061210828195992E-002  4.90360875670458057E-011  4.60929075108788475E-012  1.34643459242679124E-005  8.19716646743251442E-013
   47.500000000000000        27.929191678500398        28.072934110381603        5.2847257330217188        36.844911361250787        2.2036803158129685        50.297846641576456       1.83360749540814181E-011  1.12356383326149302E-010  2.08360704749867634E-002  5.32875112679627897E-011  6.51875946669981213E-012  1.61822867335409145E-005  8.98261260258481271E-013
   48.000000000000000        27.929192377393534        28.086622977756189        5.2847093125405529        36.844910509459524        2.2038879148984862        50.297841304954879       2.06902671549130999E-011  1.44780556265343747E-010  2.28422043762107514E-002  6.35020972839499232E-011  9.09468057365180638E-012  1.94487253794414741E-005  8.83181269953163185E-013
   48.500000000000000        27.929193216681096        28.101565226363437        5.2846895928202366        36.844909486031149        2.2041145163602640        50.297834890370339       2.31406491614376673E-011  1.92534547878973313E-010  2.50414830323451541E-002  8.98208306873564905E-011  1.25906580033290147E-011  2.33743318376868727E-005  1.08219537100545206E-012
   49.000000000000000        27.929194224488157        28.117852116249885        5.2846659133545657        36.844908256471385        2.2043617755525737        50.297827179999899       3.34557788313339631E-011  2.61349470603174518E-010  2.74524985955385478E-002  1.38964909031025258E-010  1.74391860652743103E-011  2.80921028642448028E-005  2.27048161702127588E-012
   49.500000000000000        27.929195434558014        28.135568489398061        5.2846374823123883        36.844906779418679        2.2046314828519726        50.297817911998152       6.17878343709105307E-011  3.56944499096053818E-010  3.00956319091975587E-002  2.12777354649730078E-010  2.43665458106575002E-011  3.37618647865792581E-005  4.67525148147250971E-012
   50.000000000000000        27.929196887374609        28.154820990999738        5.2846033507817243        36.844905005316818        2.2049354452277901        50.297806771608428       1.13569074870830711E-010  4.86090805710248491E-010  3.29932242814352170E-002  3.10843199706904287E-010  3.44968557772706969E-011  4.05756837292428434E-005  8.44092397972767306E-012
   50.500000000000000        27.929198631510886        28.175716847851753        5.2845623821046370        36.844902874851407        2.2052698867741132        50.297793380485757       1.93901702898436236E-010  6.57150245564013003E-010  3.61697656566220965E-002  4.29765840859999193E-010  4.96223285726063492E-011  4.87643659212339629E-005  1.37496668785614392E-011
   51.000000000000000        27.929200725257051        28.198370882343532        5.2845132154267764        36.844900317135647        2.2056356320452100        50.297777283887854       3.08049740333152126E-010  8.77171637186276849E-010  3.96521007209131859E-002  5.62021698218868500E-010  7.23991660589785077E-011  5.86052678728387708E-005  2.07286399825205937E-011
   51.500000000000000        27.929203238584975        28.222899546272405        5.2844542224518607        36.844897247611591        2.2060354792537487        50.297757935306791       4.59102993054341539E-010  1.14916331274334104E-009  4.34696546106334916E-002  6.95570220279642422E-010  1.06486840338821267E-010  7.04316794770019433E-005  2.92158072318845621E-011
   52.000000000000000        27.929206255519354        28.249421682579126        5.2843834562505414        36.844893565640049        2.2064724625000554        50.297734678035475       6.44920622103280264E-010  1.47175067592156070E-009  4.76546800375376375E-002  8.16582757171658738E-010  1.56595926825601623E-010  8.46440956207159602E-005  3.85066421889569628E-011
   52.500000000000000        27.929209876992346        28.278391299600493        5.2842985908291178        36.844889151735693        2.2069498698830321        50.297706723046673       8.53409578759704445E-010  1.84938896066538851E-009  5.22425277972743476E-002  9.19363640017115090E-010  2.28504729744172594E-010  1.01723754071297281E-004  4.71161260762852917E-011
   53.000000000000000        27.929214224289250        28.310188638853916        5.2841968500256726        36.844883864446992        2.2074712627223105        50.297673122468581       1.05356572647443331E-009  2.31349962170224825E-009  5.72719427892847688E-002  1.03652022672999337E-009  3.28979296735952613E-010  1.22248894973315441E-004  5.23555222650412252E-011
   53.500000000000000        27.929219443189428        28.344722370392194        5.2840749241810503        36.844877536834943        2.2080404959014648        50.297632737756508       1.19891974126535774E-009  2.93658570253213010E-009  6.27853878440765151E-002  1.28990877507276208E-009  4.66428630003516251E-010  1.46914287954999197E-004  5.20436649653545850E-011
   54.000000000000000        27.929225708996452        28.382182374801346        5.2839288729527247        36.844869972689459        2.2086617393282384        50.297584201602433       1.31919332776931373E-009  3.82719719076712262E-009  6.88293978266230899E-002  1.86653933230231182E-009  6.54650802175042940E-010  1.76554677303787373E-004  6.02152975056812472E-011
   54.500000000000000        27.929233232688592        28.422502693460238        5.2837540126428886        36.844860942687660        2.2093395004870322        50.297525872439920       1.78831196551843024E-009  5.11510410981156304E-009  7.54549666546029674E-002  2.89629804773372759E-009  9.18322442617727924E-010  2.12172926598639777E-004  1.20113830043348258E-010
   55.000000000000000        27.929242268415607        28.465861765437371        5.2835447865167948        36.844850180643149        2.2100786480302705        50.297455780086494       3.21978479254882952E-009  6.93585276841062118E-009  8.27179700614603386E-002  4.43052535044778116E-009  1.29745218827069366E-009  2.54973799119168759E-004  2.48962792644664188E-010
   55.500000000000000        27.929253122716556        28.512281576510482        5.2832946169004824        36.844837380356836        2.2108941530354995        50.297371560971357       5.95170878132156109E-009  9.45018481055050799E-009  9.06796271198499620E-002  6.47672563172355033E-009  1.85469354411443647E-009  3.06404493056710453E-004  4.53736234230179613E-010
   56.000000000000000        27.929266165885611        28.561810780703947        5.2829957384119846        36.844822193699038        2.2118078794144491        50.297270381062660       1.02480059668422588E-008  1.28515693318601466E-008  9.94070037032551146E-002  8.98421338725247983E-009  2.68843585368314513E-009  3.68203274171065569E-004  7.43748100727705377E-010
   56.500000000000000        27.929281846137794        28.614473401626693        5.2826390126646734        36.844804231146021        2.2128067594948613        50.297148844505003       1.63862374768940230E-008  1.73184965160093704E-008  0.10897356123877097       1.18190830033017954E-008  3.94479484411910554E-009  4.42457814604610704E-004  1.12565233215544012E-009
   57.000000000000000        27.929300707299120        28.670193318594052        5.2822137262674689        36.844783066226917        2.2138983245645529        50.297002885507801       2.45441243189713968E-008  2.29503698431242166E-008  0.11945975419261499       1.47509194935811182E-008  5.82594653022924006E-009  5.31675147266268957E-004  1.59138834195797484E-009
   57.500000000000000        27.929323410891126        28.729281415156169        5.2817073761660369        36.844758245802339        2.2150907207864039        50.296827640580297       3.46449843742704331E-008  2.97181477974410565E-008  0.13095367989846410       1.74867550293144316E-008  8.59433622698895491E-009  6.38865508182636342E-004  2.10567533986915619E-009
   58.000000000000000        27.929350763602713        28.792581686785425        5.2811054495555094        36.844729308592825        2.2163927510539834        50.296617297600925       4.61365720598468820E-008  3.75161928064389113E-008  0.14355178444943514       1.97716627249569423E-008  1.25742680664931237E-008  7.67642763628406080E-004  2.59298174888075268E-009
   58.500000000000000        27.929383751350692        28.859039715598438        5.2803912099024197        36.844695815147844        2.2178139179746079        50.296364917617197       5.76045785329492954E-008  4.62624044740858070E-008  0.15735962849706073       2.17080118278843895E-008  1.81564615453283532E-008  9.22344659503102917E-004  2.91970137643362041E-009
   59.000000000000000        27.929423581555401        28.928230634002063        5.2795455062688799        36.844657393844848        2.2193644675937527        50.296062224900112       6.66805569989928193E-008  5.59747798941770762E-008  0.17249271681861625       2.45263095055251679E-008  2.58314835055665666E-008  1.10817675092576167E-003  2.94385902416373023E-009
   59.500000000000000        27.929471736568754        28.999157429051298        5.2785466302083597        36.844613811263869        2.2210554334825141        50.295699361777636       7.18683169155824107E-008  6.71055316631394457E-008  0.18907739524583247       3.13228972689879837E-008  3.62978978128197864E-008  1.33138453823320618E-003  2.98487363464438431E-009
   60.000000000000000        27.929530040070716        29.071067747402868        5.2773702524845705        36.844565072841121        2.2228986805887865        50.295264601239950       7.89344061096637949E-008  8.12969674078891287E-008  0.20725181913700721       4.58196513340946104E-008  5.05930690702903349E-008  1.59945924111685317E-003  4.76453819733717989E-009
   60.500000000000000        27.929600738609530        29.143568947864498        5.2759894805163121        36.844511560995826        2.2249069482211836        50.294744009155551       1.11403469089776270E-007  1.02738727794801819E-007  0.22716699748801258       7.01195395698415117E-008  7.03017875814361694E-008  1.92138363913946166E-003  9.55866876855214993E-009
   61.000000000000000        27.929686600979714        29.214458369810448        5.2743750851074367        36.844454219385732        2.2270938916763350        50.294121046764751       1.94905695099369475E-007  1.39782866545680190E-007  0.24898791727420369       1.04742786456729342E-007  9.79183292134253889E-008  2.30792564838743939E-003  1.74246633014291984E-008
   61.500000000000000        27.929791039026021        29.282841811197368        5.2724959493403665        36.844394793937937        2.2294741225820758        50.293376103291678       3.38591914609238371E-007  2.05161827039406992E-007  0.27289475398633262       1.49242422003459921E-007  1.37427517848470362E-007  2.77198891878099180E-003  2.84426365787744779E-008
   62.000000000000000        27.929918250482647        29.347800602545533        5.2703197885593172        36.844336132429575        2.2321539540594326        50.292485940280713       5.48334196276224182E-007  3.16354106979345174E-007  0.29908417485237349       2.01950766060066287E-007  1.94900578890832290E-007  3.32903118231551000E-003  4.25099505331883794E-008
   62.500000000000000        27.930073383312408        29.408536773009942        5.2678141742161211        36.844282538770500        2.2350832737466639        50.291423023845425       8.31252219844463352E-007  4.96578572879616530E-007  0.32777074348701141       2.59648923174451342E-007  2.78998574577483994E-007  3.99756323661613813E-003  5.91093436307155062E-008
   63.000000000000000        27.930262719280488        29.460122405972214        5.2649478594868349        36.844240169307753        2.2382765020812911        50.290154713986240       1.19689303538525215E-006  7.74059818902323194E-007  0.35918843827348168       3.17702143063994382E-007  4.01500294360496583E-007  4.79974402630363797E-003  7.71578688130604602E-008
   63.500000000000000        27.930493871402458        29.503235186948810        5.2616923474739723        36.844217445496149        2.2417552001492624        50.288642270044903       1.65960916219420597E-006  1.18239768844780427E-006  0.39359230409062196       3.69358716892638069E-007  5.78442717673114735E-007  5.76208973898172799E-003  9.49838870325832258E-008
   64.000000000000000        27.930775997672463        29.538387116517576        5.2580235640663098        36.844225470411097        2.2455423568966872        50.286839640229779       2.24456567662873697E-006  1.75968058747839749E-006  0.43126026397632311       4.05180620459588753E-007  8.32147271193390960E-007  6.91631917261248744E-003  1.10434044177142034E-007
   64.500000000000000        27.931120044651266        29.564465684708033        5.2539234102981798        36.844278461016891        2.2496624623990655        50.284692017588668       3.00001233469026338E-006  2.54590148506101119E-006  0.47249513029762658       4.13861170220829414E-007  1.19460695878003222E-006  8.30036197923909001E-003  1.21253671815934165E-007
   65.000000000000000        27.931539046220895        29.587328528924413        5.2493809073324433        36.844394242722551        2.2541416114263439        50.282134160793099       4.01307936302318960E-006  3.57913648436591692E-006  0.51762686686311576       3.85373501738862932E-007  1.71231100648797717E-006  9.95956056239993143E-003  1.25737635228116915E-007
   65.500000000000000        27.932048539084988        29.601803119280330        5.2443926674951351        36.844594967989778        2.2590076605476654        50.279088539823455       5.42253393889739863E-006  4.88999533193987526E-006  0.56701516914682248       3.21817129403729540E-007  2.45098961332279942E-006  1.19481027301367830E-002  1.23881177813360055E-007
   66.000000000000000        27.932667243334556        29.605744610955895        5.2389625914723759        36.844908493529523        2.2642904775782742        50.275463522016011       7.42644076668801990E-006  6.48558911282791425E-006  0.62105244572050022       2.77332395606451253E-007  3.50107024425702440E-006  1.43307310904579408E-002  1.19795857775915856E-007
   66.500000000000000        27.933418127382382        29.590024146842680        5.2331009841546710        36.845370849842041        2.2700223122057568        50.271151766398660       1.02715754966666269E-005  8.27723306253820728E-006  0.68016725167220238       4.30237583874339847E-007  4.97621623204275347E-006  1.71847753082357453E-002  1.34087418176937674E-007
   67.000000000000000        27.934329890472110        29.581665106425636        5.2268235739421396        36.846030102699260        2.2762383076305803        50.266028850304743       1.41025140155607432E-005  9.91329735328444431E-006  0.74482817483920438       8.66458187080857268E-007  7.00243737182994428E-006  2.06025551201102913E-002  2.16388850704904159E-007
   67.500000000000000        27.935438701063564        29.560543557309490        5.2201507872014146        36.846951450919413        2.2829771588658536        50.259951815710124       1.85617068071779891E-005  1.05922584569467688E-005  0.81554801894141160       1.59832911577137476E-006  9.71330797459389646E-006  2.46941894065803615E-002  4.10328841824018930E-007
   68.000000000000000        27.936789580566519        29.514934805027362        5.2131064338626114        36.848222166745508        2.2902818643534455        50.252756525904296       2.24616779638838825E-005  9.95722737387508352E-006  0.89288785508574864       2.63558495839734239E-006  1.33014911741069108E-005  2.95908223875342227E-002  7.50269262116271925E-007
   68.500000000000000        27.938436133177142        29.497054464304941        5.2057126052312706        36.849952887180059        2.2982003944437057        50.244251481388361       2.59652176663733555E-005  1.56447438528493739E-005  0.97746002991259362       3.88029221051925687E-006  1.82508411383169197E-005  3.54482261110081534E-002  1.27334989934211683E-006
   69.000000000000000        27.940436301207615        29.459949516900942        5.1979759868531072        36.852268535512337        2.3067857808356607        50.234203899166161       4.13648115833432196E-005  3.94103888009727374E-005   1.0699284224297372       5.25334696707559681E-006  2.59118472845575169E-005  4.24506515772472559E-002  2.02569442948754703E-006
   69.500000000000000        27.942840546537994        29.430062372797703        5.1898647545364600        36.855278295366148        2.3160946691569047        50.222311611242716       9.03279021117755164E-005  8.38308787189305071E-005   1.1710034887231273       7.60581359079475878E-006  3.94478374618925954E-005  5.08147697284911590E-002  3.17673679854355278E-006
   70.000000000000000        27.945669663785104        29.438865103344114        5.1812879831467553        36.859016146113838        2.3261833394853966        50.208155992325104       1.85734712824786537E-004  1.51152281837332435E-004   1.2814295473801012       1.38597470314717403E-005  6.49513545854243858E-005  6.07936470755264316E-002  5.23159600215402672E-006
   70.500000000000000        27.948886477288625        29.437804451410109        5.1721014585119462        36.863362819275075        2.3371010558552445        50.191144241277030       3.41654954058031842E-004  2.40360439110262050E-004   1.4019633719249007       2.75483010310436232E-005  1.11994438913143066E-004  7.26809063380046694E-002  8.74467888137213317E-006
   71.000000000000000        27.952381620896688        29.439073775313187        5.1621506726102764        36.868002655667325        2.3490154951590880        50.170478540187034       5.67465244114175125E-004  3.39438565961152413E-004   1.5333458313429886       5.21636848703184246E-005  1.92353052075521039E-004  8.68152468662580223E-002  1.37412592019541993E-005
   71.500000000000000        27.956000788037400        29.485278480250194        5.1513192521671902        36.872486511325235        2.3618611316935230        50.145202791247726       8.39808452639240264E-004  4.12766775528511864E-004   1.6762677058057107       8.98924822345119248E-005  3.17305277636031446E-004  0.10358524603330380       2.02957223258991957E-005
   72.000000000000000        27.959626778155659        29.574397294260123        5.1395449296626401        36.876433308030492        2.3756413775132161        50.114352632413109       1.09380519576668281E-003  4.04002071554531545E-004   1.8313256899620589       1.39191613345115463E-004  4.95302911323756891E-004  0.12343433588381304       2.93947977272539812E-005
   72.500000000000000        27.963313393426354        29.657221807063880        5.1268454730587916        36.879861150705530        2.3903783643280274        50.077206413000880       1.27004466717709299E-003  2.92046493919639904E-004   1.9989616993624284       1.98557680662365477E-004  7.31373070168666348E-004  0.14686604142259652       4.21901249524507987E-005
   73.000000000000000        27.967444334943060        29.765231750773196        5.1133868559997104        36.883574527348351        2.4060834290801574        50.033592648713537       1.34353374538178781E-003  3.01284013969099556E-004   2.1793835693716583       2.64835103330671488E-004  1.02818897910853294E-003  0.17444875618444008       5.65772703949184009E-005
   73.500000000000000        27.972831009585150        29.930473875893998        5.0994807902141748        36.889386762366982        2.4227599579846837        49.984100859802709       1.32879497181602620E-003  6.60162674374648191E-004   2.3724863911121434       3.29950946978371177E-004  1.37955354612908135E-003  0.20681484110941220       6.93024421942698701E-005
   74.000000000000000        27.980660611911510        30.108585429068501        5.0856662579184650        36.899989979046552        2.4404012612925086        49.930036343115688       1.33146454616160322E-003  1.11752844176272168E-003   2.5778295515671186       3.95872268482103324E-004  1.76492249444704856E-003  0.24464155352037800       8.20706745516812142E-005
   74.500000000000000        27.992249759738250        30.236542576060991        5.0728139158722581        36.918383042007513        2.4589708979812177        49.873037643069388       1.48668938898730485E-003  1.49326937526637893E-003   2.7947000699463502       4.79227646927914597E-004  2.16174654042797969E-003  0.28859388852384427       9.60033273140034789E-005
   75.000000000000000        28.008666807625286        30.395272651690231        5.0616277974608872        36.946973256439136        2.4783916275217326        49.814466848877984       1.69447841604483153E-003  1.71798611697747492E-003   3.0222110797424868       5.81038785269049956E-004  2.54618651526756796E-003  0.33921700114673647       1.10996046334465798E-004
   75.500000000000000        28.030450179382917        30.548650926239290        5.0522587282194102        36.986911790628611        2.4985247772765535        49.754977416845904       1.76622739589710155E-003  1.88042653036419498E-003   3.2593677378137285       6.86607476170577788E-004  2.89602306857044030E-003  0.39681394271324538       1.28656094239087802E-004
   76.000000000000000        28.057468258468244        30.764194178768935        5.0445287098287528        37.037746792568861        2.5191312401804056        49.694339981158748       1.65987319634690257E-003  2.11425623328032964E-003   3.5050069257854908       7.85942384373874829E-004  3.19627558372667609E-003  0.46133765892658296       1.50418406840665875E-004
   76.500000000000000        28.088930620654057        31.100782330306323        5.0375351415829419        37.097441865870131        2.5398791553012967        49.631551933458908       1.36265663381663054E-003  2.45179911064923430E-003   3.7576527055993734       8.74766242498905525E-004  3.43369420275682624E-003  0.53231618981494155       1.79004840122888299E-004
   77.000000000000000        28.123316139156341        31.471078020720388        5.0303750985077924        37.162217959573859        2.5603737186346418        49.564815302943252       8.47503149967312650E-004  2.91782216740828822E-003   4.0153128093423689       9.54036943221392387E-004  3.59493059145818070E-003  0.60879580953584134       2.18626291609317589E-004
   77.500000000000000        28.158506309342219        31.930876864631820        5.0220207955071654        37.226972822218890        2.5801884980160947        49.491894979824551       4.22341849541459004E-004  3.64804519350772107E-003   4.2753434115674684       1.03078946986318227E-003  3.68634403409774832E-003  0.68926261131949007       2.74500071930915005E-004
   78.000000000000000        28.191886129735693        32.429714236245559        5.0120305325972110        37.285570523837805        2.5988468813858705        49.410417239001831       1.61306898742758485E-003  4.82180955403017485E-003   4.5342848436114913       1.10273929130914471E-003  3.82721816956726676E-003  0.77153439835358084       3.50930961030654581E-004
   78.500000000000000        28.220907860624514        33.019599478428908        4.9997757055200136        37.332276678517090        2.6158491306646710        49.318959660743566       3.61850776258911162E-003  6.55190577391513793E-003   4.7878387686662700       1.16400442189739544E-003  4.47819132109243678E-003  0.85264262607489449       4.50581768666211005E-004
   79.000000000000000        28.243443325296592        33.583501091369826        4.9851737166478651        37.362587275036006        2.6310422549014678        49.217688372800680       6.47705155542613927E-003  8.83149868346334681E-003   5.0308925185703224       1.20285459122326365E-003  6.27962988747613002E-003  0.92874847336223321       5.71324578481171826E-004
   79.500000000000000        28.258022527639174        34.169383406400705        4.9682513128591044        37.373822319084418        2.6445838570124303        49.108640621731602       1.01827340379064962E-002  1.13592636977516391E-002   5.2577956419747771       1.24147567123602935E-003  9.29931796043759543E-003  0.99523824295525987       7.05500035449044272E-004
   80.000000000000000        28.263769151603249        34.713990504782167        4.9491620368668938        37.365080788823555        2.6551470598887073        48.995212953380751       1.42351304768271250E-002  1.32964795803980733E-002   5.4628980652845041       1.40905402782171701E-003  1.27964006721230285E-002   1.0471682269267708       8.56967451985750188E-004
